[1.5860879284338929, 0.0, 2.3416121067679914, 0.5408, 5.0]
[1.5950787890073252, 0.0, 2.7230312718738885, 0.6668, 11.0]
[1.590218487409905, 0.0, 2.2485498590565265, 0.0264, 4.0]
[1.5941720302861149, 0.0, 2.4193616905824751, 0.118, 6.0]
[1.5790792076855784, 0.0, 2.509327166874916, 0.78, 7.0]
[1.5916450806700153, 0.0, 2.6551971528112892, 0.3632, 10.0]
[1.5806550771502748, 0.0, 2.519261867965473, 0.764, 8.0]
[1.5924023242963643, 0.0, 2.5378237913340937, 0.65, 8.0]
[1.6035085223100727, 0.0, 2.625262571357073, 0.1992, 11.0]
[1.5919281085034767, 0.0, 2.643315767190507, 0.8332, 11.0]
[1.5884986911383843, 0.0, 2.5189294077254445, 0.8468, 7.0]
[1.5923583574501228, 0.0, 2.68853971685055, 0.6336, 9.0]
[1.5930044069498903, 0.0, 2.4437479595166112, 0.1188, 7.0]
[1.5945263138685331, 0.0, 2.5335551832211283, 0.406, 9.0]
[1.5892238053719776, 0.0, 2.5443565860227029, 0.7772, 7.0]
[1.5916446899778516, 0.0, 2.5455086104585609, 0.8908, 8.0]
[1.5905615906717963, 0.0, 2.7138194915776479, 0.4776, 12.0]
[1.5867394144891724, 0.0, 2.548274697508635, 0.898, 8.0]
[1.5911634122060612, 0.0, 2.6193581964223522, 0.9132, 11.0]
[1.588831936006224, 0.0, 2.666478098517548, 0.9684, 10.0]
[1.5892504589664969, 0.0, 2.503441782820353, 0.8448, 7.0]
[1.5757255725720176, 0.0, 2.5228233716688981, 0.6128, 7.0]
[1.5774554851458822, 0.0, 2.6384271923796829, 0.59, 8.0]
[1.5947413868325628, 0.0, 2.4399731599927108, 0.2932, 6.0]
[1.5889776906952697, 0.0, 2.5285888847493916, 0.6928, 7.0]
[1.5903733989592657, 0.0, 2.5692467873000617, 0.8928, 10.0]
[1.5889206118427905, 0.0, 2.557611966070418, 0.918, 9.0]
[1.581805965876518, 0.0, 2.5113824859532876, 0.858, 6.0]
[1.5971662128733266, 0.0, 2.3250995711126112, 0.7876, 5.0]
[1.5897412517719856, 0.0, 2.4160951227697569, 0.7108, 6.0]
[1.5876786182524696, 0.0, 2.3335220501203513, 0.0016, 5.0]
[1.5902204200932526, 0.0, 2.2114960943380657, 0.1584, 4.0]
[1.5849323377083637, 0.0, 2.4798108127090281, 0.3632, 6.0]
[1.5975536863152808, 0.0, 2.5159811456107448, 0.8348, 7.0]
[1.5860629543965707, 0.0, 2.715714173767573, 0.8696, 9.0]
[1.5912291976001687, 0.0, 2.3789477111581068, 0.6916, 6.0]
[1.5803416251376929, 0.0, 2.5596249605286627, 0.6664, 8.0]
[1.5972493801433707, 0.0, 2.2925615610463765, 0.2168, 4.0]
[1.5819063259092467, 0.0, 2.7031976774395297, 0.7444, 9.0]
[1.5942637742334149, 0.0, 2.4325496100265429, 0.5696, 6.0]
[1.5824128174989136, 0.0, 2.4327343184156307, 0.4236, 7.0]
[1.5835413598982406, 0.0, 2.5525778144090072, 0.6092, 9.0]
[1.6041085477375598, 0.0, 2.5621577489081577, 0.8132, 9.0]
[1.5925233592897698, 0.0, 2.7242764022110677, 0.7608, 12.0]
[1.5932038997380031, 0.0, 2.3243439957560312, 0.7728, 5.0]
[1.5911041972828885, 0.0, 2.4985750156211557, 0.574, 7.0]
[1.5983184338135255, 0.0, 2.4889602313935546, 0.554, 8.0]
[1.6008974353439225, 0.0, 2.3606345448211661, 0.3636, 6.0]