[1.5907340324219379, 0.0, 2.5677514249095208, 0.7116, 10.0]
[1.5870985620577178, 0.0, 2.2829265173019486, 0.1624, 4.0]
[1.5990350875811692, 0.0, 2.6993542606945065, 0.3644, 11.0]
[1.5897083085497563, 0.0, 2.5565932878990507, 0.6944, 8.0]
[1.5812159811865385, 0.0, 2.4202947441962621, 0.1436, 6.0]
[1.581385057359799, 0.0, 2.2236241043411953, 0.0536, 4.0]
[1.5855661708477742, 0.0, 2.7990232820441419, 0.5192, 13.0]
[1.5953471101847745, 0.0, 2.8198142845956573, 0.6112, 15.0]
[1.5916318184515068, 0.0, 2.1213639641075588, 0.2084, 3.0]
[1.5881818640107748, 0.0, 2.5719616188656893, 0.8248, 9.0]
[1.5945103523965538, 0.0, 2.3457566074963623, 0.6712, 6.0]
[1.5929756228413905, 0.0, 2.5341781571126969, 0.5856, 7.0]
[1.5982000783671078, 0.0, 2.6157773588215605, 0.99, 11.0]
[1.5944204958157955, 0.0, 2.7862624236372402, 0.6564, 12.0]
[1.5870341576026195, 0.0, 2.5695223234003413, 0.2544, 10.0]
[1.586527127192737, 0.0, 2.3600111064942544, 0.2128, 5.0]
[1.5833877448844376, 0.0, 2.5953629929817446, 0.5808, 9.0]
[1.5877761059531827, 0.0, 2.2783124769264544, 0.3484, 4.0]
[1.5844836358335714, 0.0, 2.5472996659933731, 0.5408, 10.0]
[1.5962810855437168, 0.0, 2.5014092645278527, 0.752, 7.0]
[1.5867607041556684, 0.0, 2.4704033969349508, 0.7344, 6.0]
[1.5867898508768792, 0.0, 2.4093211809477495, 0.3776, 5.0]
[1.5896793343911382, 0.0, 2.0881520734750936, 0.0056, 3.0]
[1.5872137047290444, 0.0, 2.5158627135470519, 0.8872, 8.0]
[1.5903964333195004, 0.0, 2.4336510516953735, 0.6488, 6.0]
[1.5898371446089676, 0.0, 3.0233549640319448, 0.6476, 21.0]
[1.584028187335722, 0.0, 2.6008374643200725, 0.822, 9.0]
[1.5906383766853516, 0.0, 2.7653346736919993, 0.64, 11.0]
[1.5818920505551719, 0.0, 2.2482863104701027, 0.0796, 4.0]
[1.5815775437247488, 0.0, 2.6314054566925638, 0.7248, 8.0]
[1.5851324691628199, 0.0, 2.8890092487916785, 0.4104, 15.0]
[1.5927353376976585, 0.0, 2.4151569495423355, 0.4816, 7.0]
[1.5799732937187052, 0.0, 2.6631163681151229, 0.6428, 9.0]
[1.5867494788269918, 0.0, 2.4500313386675883, 0.0988, 6.0]
[1.590376804409098, 0.0, 2.5801339985380527, 0.9728, 11.0]
[1.5856293143717832, 0.0, 2.3659080800682708, 0.3412, 6.0]
[1.5882312290466278, 0.0, 2.3868818223389257, 0.9396, 6.0]
[1.5886351890466264, 0.0, 2.2793444719619984, 0.3468, 4.0]
[1.5828828214046098, 0.0, 2.9617580192613104, 0.8384, 17.0]
[1.5919478361422743, 0.0, 2.4783314397209599, 0.5244, 7.0]
[1.586859019259754, 0.0, 2.2934096878590653, 0.3556, 5.0]
[1.5910384329901117, 0.0, 2.4294489302224833, 0.6832, 6.0]
[1.5820171137675239, 0.0, 2.4314710212133468, 0.8168, 6.0]
[1.5810238855424981, 0.0, 2.6644854666426516, 0.792, 9.0]
[1.5986341691810182, 0.0, 2.5190691817094546, 0.962, 8.0]
[1.5873186600015678, 0.0, 2.299706110219232, 0.028, 5.0]
[1.5918182586489118, 0.0, 2.3644730632937412, 0.136, 6.0]
[1.6020762816965792, 0.0, 2.6004102491689043, 0.5884, 10.0]