[1.6567984552260686, 0.0, 2.6570111977601059, 0.7564, 7.0]
[1.6565964501211978, 0.0, 2.2085333971345902, 0.3148, 3.0]
[1.6648510651394623, 0.0, 2.0426724081351484, 0.5348, 2.0]
[1.6525406206059721, 0.0, 2.1864666897994267, 0.276, 3.0]
[1.6485296175683071, 0.0, 3.0459673828306166, 0.7012, 13.0]
[1.6519058939747389, 0.0, 2.5362319572181433, 0.1672, 6.0]
[1.6517905029390443, 0.0, 2.4943078928111841, 0.7804, 6.0]
[1.6658498923335081, 0.0, 2.3646179061330526, 0.9408, 5.0]
[1.6513526551492097, 0.0, 2.5689738320559141, 0.2492, 6.0]
[1.6592543544262006, 0.0, 2.6784963737332075, 0.4696, 8.0]
[1.6554291288203338, 0.0, 2.7633556270369453, 0.9104, 10.0]
[1.6538863927761498, 0.0, 2.7536418012343313, 0.6052, 9.0]
[1.6566629805299327, 0.0, 2.3483754117341293, 0.646, 4.0]
[1.6557375512396408, 0.0, 2.2209759196629815, 0.5372, 3.0]
[1.6568516396953465, 0.0, 2.3619336612783921, 0.7628, 4.0]
[1.6652405181991814, 0.0, 2.5724462616183326, 0.2984, 7.0]
[1.6520686035932415, 0.0, 2.440839478055024, 0.3756, 5.0]
[1.6488294843260989, 0.0, 2.4148869443252545, 0.302, 5.0]
[1.6498861873748834, 0.0, 2.213345814632441, 0.5668, 3.0]
[1.6501925097555576, 0.0, 2.4497551586623274, 0.7804, 6.0]
[1.6429022701931457, 0.0, 2.333368196372656, 0.2128, 4.0]
[1.642179092318371, 0.0, 2.2517146526167564, 0.7756, 3.0]
[1.6450432230366028, 0.0, 2.4637047357497499, 0.7084, 5.0]
[1.6489159833650548, 0.0, 1.976330475065436, 0.0196, 2.0]
[1.6518812834211434, 0.0, 2.5131178863971044, 0.8228, 6.0]
[1.6643149324158351, 0.0, 2.558421818213243, 0.716, 6.0]
[1.6552709286652456, 0.0, 2.3372499368324675, 0.8252, 4.0]
[1.6438426585988453, 0.0, 2.4117042867955325, 0.7564, 5.0]
[1.6550479320347549, 0.0, 2.3890479335330221, 0.2336, 4.0]
[1.6571961070112029, 0.0, 2.428061354841077, 0.4444, 5.0]
[1.65048263449259, 0.0, 2.6469859256614354, 0.8024, 8.0]
[1.6351698860556514, 0.0, 2.5170633279694457, 0.9904, 6.0]
[1.6596246712709044, 0.0, 2.5534067282685742, 0.9148, 8.0]
[1.6488445890270294, 0.0, 2.4827066532974076, 0.9596, 5.0]
[1.6549556480486793, 0.0, 2.6007687664753427, 0.844, 7.0]
[1.6573062219528665, 0.0, 2.8999806350402779, 0.96, 10.0]
[1.6546467723297469, 0.0, 2.4609358331583757, 0.196, 5.0]
[1.66142300067465, 0.0, 2.5917166490660319, 0.9736, 6.0]
[1.649921694187344, 0.0, 2.8345116856891082, 0.2004, 9.0]
[1.6673056542961007, 0.0, 2.357508795257214, 0.9704, 4.0]
[1.6548291526651036, 0.0, 2.4114625540944088, 0.7036, 4.0]
[1.6580029655109441, 0.0, 2.8058733550309123, 0.754, 9.0]
[1.6517577491627151, 0.0, 2.2109608514545842, 0.86, 3.0]
[1.6471178946668359, 0.0, 2.7007129440201085, 0.6164, 8.0]
[1.6477065025696189, 0.0, 2.5790602043067459, 0.9656, 6.0]
[1.6558025794957509, 0.0, 2.3220439333277101, 0.4568, 4.0]
[1.6466241632637104, 0.0, 2.4487431296127311, 0.8516, 5.0]
[1.6440397540277103, 0.0, 2.7010643618717731, 0.7708, 8.0]