[1.6463026689858806, 0.0, 2.7229743199429959, 0.5164, 10.0]
[1.6421044140676033, 0.0, 2.3819020653582723, 0.7644, 4.0]
[1.6508419592358501, 0.0, 2.243559236182894, 0.4792, 3.0]
[1.6645367699622517, 0.0, 2.7937474123604997, 0.8252, 11.0]
[1.6607061656538404, 0.0, 2.2411521356292221, 0.2456, 3.0]
[1.650891382611027, 0.0, 2.4497926414230529, 0.7144, 6.0]
[1.6455059743603462, 0.0, 2.6946380072285994, 0.7924, 7.0]
[1.6571090532856183, 0.0, 2.5089631047128815, 0.6024, 6.0]
[1.6511212939720232, 0.0, 2.6856859678880101, 0.7112, 7.0]
[1.6556651718784883, 0.0, 2.2100715500569756, 0.3648, 3.0]
[1.6423692045656624, 0.0, 2.5090340058766607, 0.5024, 7.0]
[1.6602047245347822, 0.0, 2.5264892856271519, 0.5808, 5.0]
[1.6537567971405522, 0.0, 2.3052405356211194, 0.9788, 4.0]
[1.648632634996853, 0.0, 2.4808888084137344, 0.5516, 5.0]
[1.6506069988823984, 0.0, 2.3305096320213323, 0.4684, 4.0]
[1.6425753060325281, 0.0, 2.1607423685318601, 0.0544, 3.0]
[1.6565704549330027, 0.0, 2.5674501754574339, 0.6884, 6.0]
[1.6611672094529961, 0.0, 2.5492609365128134, 0.4784, 6.0]
[1.6378522625219201, 0.0, 2.4063862148562754, 0.7396, 4.0]
[1.6514363395334306, 0.0, 2.9158395124886467, 0.556, 15.0]
[1.6598246799075826, 0.0, 2.5826478929752876, 0.8628, 6.0]
[1.6637909895959706, 0.0, 2.2525632124267938, 0.76, 3.0]
[1.654318378852867, 0.0, 2.2212950882762175, 0.5212, 3.0]
[1.6531136753637261, 0.0, 2.4372474117175695, 0.9672, 5.0]
[1.6481296373796033, 0.0, 2.0146507334092272, 0.2028, 2.0]
[1.6668093109612188, 0.0, 2.5760249149985626, 0.3216, 6.0]
[1.6429850859878607, 0.0, 2.3546405398578898, 0.1848, 4.0]
[1.6484490916510017, 0.0, 2.2523846483063217, 0.6164, 3.0]
[1.664517566114575, 0.0, 2.4827278655835752, 0.674, 5.0]
[1.6519801862338013, 0.0, 2.5696281659587572, 0.2848, 6.0]
[1.6453854315597432, 0.0, 2.5079681082846781, 0.5588, 5.0]
[1.6525170061445047, 0.0, 2.3897140243598045, 0.9944, 4.0]
[1.6436524877534158, 0.0, 2.2637337951173144, 0.3212, 3.0]
[1.6399592011116484, 0.0, 2.5329183203574432, 0.9672, 5.0]
[1.6577270793502739, 0.0, 2.4660163503523691, 0.9268, 6.0]
[1.6479843028029539, 0.0, 2.5973653992379897, 0.9796, 8.0]
[1.6587307584390163, 0.0, 2.3680656619149598, 0.5244, 4.0]
[1.6446869140866709, 0.0, 2.5461987188786179, 0.8648, 6.0]
[1.6589185283243126, 0.0, 2.5277741250290315, 0.9376, 6.0]
[1.6548967978492097, 0.0, 2.5102923340480805, 0.956, 5.0]
[1.659153413378168, 0.0, 2.4336034258314472, 0.9028, 5.0]
[1.662800344888264, 0.0, 2.3697548805398641, 0.5632, 4.0]
[1.6547268111028699, 0.0, 2.3824463625846484, 0.6308, 4.0]
[1.6556976186657022, 0.0, 2.2534747465615861, 0.87, 3.0]
[1.6544148172265247, 0.0, 2.3730690934733563, 0.3572, 4.0]
[1.6437121213738839, 0.0, 2.3159752521914809, 0.5876, 4.0]
[1.6440053415483709, 0.0, 2.4586240045790415, 0.9168, 5.0]
[1.6577264127929676, 0.0, 2.5428750228535506, 0.8572, 6.0]