[1.6428977908447613, 0.0, 2.9731442952084746, 0.6596, 13.0]
[1.650556214839745, 0.0, 2.7346517837822066, 0.4884, 9.0]
[1.6471062043750373, 0.0, 2.350684506253224, 0.3404, 4.0]
[1.6505357983151638, 0.0, 2.3523827481893127, 0.1448, 4.0]
[1.6595944328072521, 0.0, 2.6781321770702684, 0.906, 8.0]
[1.66602045246251, 0.0, 2.5621237835504318, 0.2892, 5.0]
[1.6514929315100484, 0.0, 2.6052927943504018, 0.5124, 6.0]
[1.6395283621208039, 0.0, 2.6323227930537056, 0.8544, 6.0]
[1.6401664563201379, 0.0, 2.8460745156143954, 0.5884, 11.0]
[1.6659881955703555, 0.0, 2.5927650168779808, 0.8784, 6.0]
[1.6566061842082678, 0.0, 2.1900505990291022, 0.5068, 3.0]
[1.6492749717126345, 0.0, 2.5426247345935682, 0.884, 6.0]
[1.6537526089429502, 0.0, 2.5136508947228919, 0.2828, 6.0]
[1.6496802478775265, 0.0, 2.5003725891760009, 0.206, 5.0]
[1.648343250910433, 0.0, 2.3747790586558075, 0.4896, 4.0]
[1.6555520471981051, 0.0, 2.4151934403970188, 0.6472, 5.0]
[1.6478196514549099, 0.0, 2.5192510137402127, 0.5576, 8.0]
[1.6564390804436766, 0.0, 2.2133998811322342, 0.1944, 3.0]
[1.659034249839211, 0.0, 2.4557676667444666, 0.2324, 5.0]
[1.641713924633462, 0.0, 2.6366976665166337, 0.9444, 7.0]
[1.6619253884394518, 0.0, 1.9993703034746138, 0.4844, 2.0]
[1.6552941159409307, 0.0, 2.7788767405049741, 0.7192, 12.0]
[1.653982875470196, 0.0, 2.605433436330113, 0.6156, 6.0]
[1.6565457183614218, 0.0, 2.3599317340767048, 0.3348, 4.0]
[1.6706111444653389, 0.0, 2.2198341591047743, 0.9348, 3.0]
[1.6510377899482083, 0.0, 2.5219526915165544, 0.978, 5.0]
[1.662407069094695, 0.0, 2.1711068695093392, 0.1996, 3.0]
[1.6610765318851917, 0.0, 2.1825843444886308, 0.4188, 3.0]
[1.6593083527898367, 0.0, 2.6766231883765048, 0.9096, 7.0]
[1.6554264725022318, 0.0, 2.2370884649203848, 0.9712, 3.0]
[1.6502262305283664, 0.0, 2.315928910748926, 0.7208, 4.0]
[1.6645739923299994, 0.0, 2.3665521734241439, 0.2996, 4.0]
[1.6531485879215584, 0.0, 2.4269137221899113, 0.6588, 4.0]
[1.6536738899256971, 0.0, 2.7524743646139194, 0.8028, 9.0]
[1.6628796254327503, 0.0, 2.2903013313032199, 0.5336, 4.0]
[1.6520349687624023, 0.0, 2.4286014763368442, 0.8276, 5.0]
[1.6329331266045575, 0.0, 2.7425075254513365, 0.546, 9.0]
[1.6617183961886901, 0.0, 2.6948248469796252, 0.2772, 8.0]
[1.6568363526768761, 0.0, 2.4644075424997003, 0.7608, 7.0]
[1.6631066751077657, 0.0, 2.2611375162175591, 0.8928, 3.0]
[1.6609139906814736, 0.0, 2.0162828844022314, 0.2116, 2.0]
[1.656503517461918, 0.0, 2.4696649963158226, 0.9804, 5.0]
[1.6470320768042082, 0.0, 2.3118081173917604, 0.2176, 4.0]
[1.6504299502350697, 0.0, 2.4379330598128499, 0.9888, 5.0]
[1.6577406960525605, 0.0, 2.57849326933587, 0.6828, 13.0]
[1.6576134550023749, 0.0, 2.2375677775251415, 0.7608, 3.0]
[1.6646567472062404, 0.0, 2.5716465184381541, 0.9716, 7.0]
[1.6579563374176058, 0.0, 2.6204069321128718, 0.998, 8.0]