[1.5829796288197457, 0.0, 2.5469999741533416, 0.7716, 8.0]
[1.5862779090359316, 0.0, 2.4415854238735895, 0.958, 6.0]
[1.5955276193411856, 0.0, 2.3443237152381489, 0.3316, 5.0]
[1.5884047304505393, 0.0, 2.6032105747605869, 0.9388, 8.0]
[1.5901928485385448, 0.0, 2.4872996850979856, 0.7552, 6.0]
[1.5973784557589985, 0.0, 2.56676904763005, 0.862, 8.0]
[1.5903590289699783, 0.0, 2.3798830576073247, 0.2948, 6.0]
[1.5993706964404175, 0.0, 2.4757086838076034, 0.6552, 6.0]
[1.5828204103770096, 0.0, 2.3404872963547874, 0.0444, 5.0]
[1.5764407236924729, 0.0, 2.7180022502623413, 0.9736, 10.0]
[1.5822380519514447, 0.0, 2.4630024665481143, 0.9104, 5.0]
[1.598497062254832, 0.0, 2.6967236590249861, 0.9308, 11.0]
[1.5876114402531805, 0.0, 2.5790710360256188, 0.3756, 8.0]
[1.5849496618847829, 0.0, 2.667441434050251, 0.7168, 10.0]
[1.5914135795967201, 0.0, 2.5576707170054043, 0.1072, 8.0]
[1.5825722171120105, 0.0, 2.4947765303719347, 0.4392, 7.0]
[1.5890202535357032, 0.0, 2.558938844019595, 0.9072, 7.0]
[1.5867449654671519, 0.0, 2.6643513020159348, 0.9988, 9.0]
[1.5841351662467353, 0.0, 2.2430438976381577, 0.3748, 4.0]
[1.582435796185476, 0.0, 2.5394101766416717, 0.7028, 8.0]
[1.5780750904568792, 0.0, 2.8807875882333911, 0.752, 11.0]
[1.6043293421361784, 0.0, 2.6956187859479908, 0.3676, 14.0]
[1.5954287850850184, 0.0, 2.294551799536336, 0.0772, 5.0]
[1.5879666434758302, 0.0, 2.1482089160422015, 0.0588, 3.0]
[1.5736178707920505, 0.0, 2.7236816435604458, 0.758, 12.0]
[1.5834069543672986, 0.0, 2.4786496701531733, 0.502, 6.0]
[1.5890254157129031, 0.0, 2.3931780076604685, 0.7068, 5.0]
[1.5887248922242154, 0.0, 2.4253449212092733, 0.6404, 6.0]
[1.584025920562024, 0.0, 2.3829069644526033, 0.5284, 6.0]
[1.5803555674961367, 0.0, 2.2689330641628427, 0.134, 4.0]
[1.6022563848786562, 0.0, 2.4649295801351836, 0.986, 7.0]
[1.5883176885343073, 0.0, 2.713280472773536, 0.6488, 11.0]
[1.5888712553295767, 0.0, 2.4386497082808347, 0.7452, 6.0]
[1.5850852933273871, 0.0, 2.5181445152938036, 0.9372, 7.0]
[1.5828470039896692, 0.0, 2.5023987416494928, 0.8704, 7.0]
[1.5951203301055814, 0.0, 2.2301701132143847, 0.1128, 4.0]
[1.5964840719197619, 0.0, 2.2071691308057897, 0.038, 4.0]
[1.5923251718754377, 0.0, 2.3493240087496412, 0.726, 5.0]
[1.5827263467074644, 0.0, 2.5788747357789727, 0.8312, 8.0]
[1.5896915653913142, 0.0, 2.5346973002777342, 0.8448, 7.0]
[1.5917118536514727, 0.0, 2.5774298107113682, 0.7204, 9.0]
[1.5940218526377476, 0.0, 2.3630450182274045, 0.3768, 6.0]
[1.5948471178070123, 0.0, 2.3045118336236481, 0.1076, 5.0]
[1.5946849659423246, 0.0, 2.2516513455272928, 0.0624, 4.0]
[1.5868018882287811, 0.0, 2.327815295017543, 0.1044, 5.0]
[1.5864266426443814, 0.0, 2.7240395586519282, 0.2492, 15.0]
[1.5924081572778142, 0.0, 2.544878889936609, 0.526, 8.0]
[1.597658320986785, 0.0, 2.4419870866788167, 0.4296, 6.0]