[1.649685845887392, 0.0, 2.4197664526007854, 0.9872, 5.0]
[1.6526916215131426, 0.0, 2.6343752563974627, 0.9032, 6.0]
[1.6488862564914575, 0.0, 2.2569259692449273, 0.5816, 3.0]
[1.6598561249034951, 0.0, 2.5979344594933087, 0.7672, 7.0]
[1.6494039973569738, 0.0, 2.6195577061775146, 0.716, 9.0]
[1.6568674045674827, 0.0, 2.1871852662151152, 0.3616, 3.0]
[1.648357727316224, 0.0, 2.5344744666036729, 0.9344, 6.0]
[1.651209715914713, 0.0, 2.5286200413746727, 0.7796, 6.0]
[1.6642997924180141, 0.0, 2.4898214367804927, 0.4664, 5.0]
[1.6533743877168281, 0.0, 2.4825653280176576, 0.5424, 6.0]
[1.6619145691825039, 0.0, 2.6810414695820777, 0.6668, 9.0]
[1.6685167728179673, 0.0, 2.4137792813924195, 0.7984, 5.0]
[1.6416029595979849, 0.0, 2.7315068224639338, 0.8448, 9.0]
[1.6519453659856218, 0.0, 2.165010544473112, 0.0924, 3.0]
[1.6517243760215163, 0.0, 2.3785710965823386, 0.7028, 4.0]
[1.6420034607942759, 0.0, 2.6523213010437896, 0.596, 7.0]
[1.657570470049897, 0.0, 2.7123953556763052, 0.7488, 7.0]
[1.6608866612545867, 0.0, 2.3419912773665339, 0.868, 5.0]
[1.6440928593128712, 0.0, 2.5784232189291743, 0.9924, 7.0]
[1.6405296124288262, 0.0, 2.2300641069358411, 0.2876, 3.0]
[1.6574210615492047, 0.0, 2.2775857405735058, 0.3796, 3.0]
[1.6501019990958745, 0.0, 2.671276307854018, 0.9296, 7.0]
[1.6573807081028373, 0.0, 2.4866536600406692, 0.932, 6.0]
[1.6658479485895348, 0.0, 2.2139565760245299, 0.4616, 3.0]
[1.6630313442556992, 0.0, 2.7768372049739889, 0.208, 12.0]
[1.6662874430472681, 0.0, 2.3517494120028424, 0.4112, 4.0]
[1.6594496682102449, 0.0, 2.2964781214050136, 0.7104, 4.0]
[1.6573123245350858, 0.0, 2.1844499451419859, 0.2092, 3.0]
[1.6595748410753481, 0.0, 2.5518428172644381, 0.964, 6.0]
[1.6538405009047694, 0.0, 2.3423974185830665, 0.9852, 4.0]
[1.6565515994305855, 0.0, 2.6669946674985785, 0.176, 7.0]
[1.6513561369788858, 0.0, 2.511740566728828, 0.4408, 5.0]
[1.6532579258525535, 0.0, 2.6726231057570793, 0.78, 7.0]
[1.6589415190443977, 0.0, 2.4092381894012922, 0.9108, 5.0]
[1.6499904236881866, 0.0, 2.6035255342500436, 0.5768, 7.0]
[1.6589453210180218, 0.0, 2.7704915003298778, 0.9064, 8.0]
[1.640226355575378, 0.0, 2.384531208235388, 0.6268, 4.0]
[1.6617806791021879, 0.0, 2.435124432514669, 0.832, 5.0]
[1.6422390601534551, 0.0, 2.5166322337803857, 0.7072, 6.0]
[1.6555929403764869, 0.0, 2.7047883054719724, 0.9236, 9.0]
[1.6595294421963953, 0.0, 2.454458407760379, 0.9448, 5.0]
[1.6622260480715783, 0.0, 2.3919046316206547, 0.7804, 5.0]
[1.6495482856088661, 0.0, 2.3426589931288624, 0.1168, 4.0]
[1.6538427601555363, 0.0, 2.3573129837097953, 0.2252, 4.0]
[1.6566993801295529, 0.0, 2.6077439918606844, 0.9916, 7.0]
[1.6516435669293146, 0.0, 2.600311390443145, 0.9116, 7.0]
[1.6461628516401856, 0.0, 2.8518550776878477, 0.1812, 9.0]
[1.6522128694595184, 0.0, 2.7502606082142851, 0.2976, 7.0]