[1.6511144410618748, 0.0, 2.4934033125597308, 0.6056, 6.0]
[1.6650785216453943, 0.0, 2.3096225601301987, 0.4908, 4.0]
[1.658658557580621, 0.0, 2.0544924148810493, 0.1144, 2.0]
[1.6438378890976639, 0.0, 2.6333255665025055, 0.9404, 8.0]
[1.6532480556499671, 0.0, 2.3653586621306597, 0.7096, 4.0]
[1.6606399661902542, 0.0, 2.3349501240473849, 0.3532, 4.0]
[1.6558406513776971, 0.0, 2.6288080986772009, 0.752, 6.0]
[1.6629103520390236, 0.0, 2.519295876702623, 0.9612, 6.0]
[1.6514496691615648, 0.0, 2.4411001086748607, 0.972, 4.0]
[1.655888372117412, 0.0, 2.6334044533703787, 0.074, 6.0]
[1.652992284444577, 0.0, 2.5447571519058125, 0.812, 8.0]
[1.6686544333369244, 0.0, 2.2271153900562419, 0.1116, 3.0]
[1.6484638882413001, 0.0, 2.1527074770649857, 0.1636, 3.0]
[1.65446769843608, 0.0, 2.3752960158794005, 0.9664, 4.0]
[1.6515612782804474, 0.0, 2.6335906184159694, 0.7216, 7.0]
[1.658452590380207, 0.0, 2.4813876842239724, 0.9808, 5.0]
[1.6488142584266117, 0.0, 2.5066410659705589, 0.7288, 6.0]
[1.6568748826755293, 0.0, 2.3820775068470512, 0.6204, 4.0]
[1.6522665315505267, 0.0, 2.5959336573161176, 0.8748, 6.0]
[1.6591860837089056, 0.0, 2.5382658152280846, 0.8292, 6.0]
[1.6611226602602045, 0.0, 2.2405287238964355, 0.1912, 3.0]
[1.6579645467470883, 0.0, 2.6045150470737508, 0.9892, 6.0]
[1.6508336572475271, 0.0, 2.7153134571202058, 0.6768, 14.0]
[1.643012879431732, 0.0, 2.3444130406368773, 0.5168, 4.0]
[1.6531774214397008, 0.0, 2.4964566787044964, 0.808, 6.0]
[1.6523373554470455, 0.0, 2.2184429407519506, 0.626, 3.0]
[1.6567735379942872, 0.0, 2.6957645328963977, 0.7636, 10.0]
[1.6576260317427223, 0.0, 2.3563956834794322, 0.3568, 4.0]
[1.6615423723840528, 0.0, 2.7913323189273971, 0.5896, 10.0]
[1.6423471951955055, 0.0, 2.5344206974995318, 0.7644, 6.0]
[1.6609126732875841, 0.0, 2.4352976188231521, 0.908, 5.0]
[1.6567042871046453, 0.0, 2.455491923235618, 0.7012, 5.0]
[1.6526499894603115, 0.0, 2.1848416081749096, 0.4224, 3.0]
[1.6495771571560653, 0.0, 2.3777349544441098, 0.4536, 4.0]
[1.6587311919925225, 0.0, 2.4992890478016072, 0.758, 7.0]
[1.657700956909862, 0.0, 2.5570483869747429, 0.8124, 7.0]
[1.6478040861887158, 0.0, 2.6175823902795163, 0.368, 9.0]
[1.6642630664244162, 0.0, 2.2097754094897413, 0.3252, 3.0]
[1.6463428835629665, 0.0, 2.6037633259364377, 0.8524, 6.0]
[1.649985508684285, 0.0, 2.4080956991760525, 0.8408, 4.0]
[1.6567352356878167, 0.0, 2.2105931650645871, 0.556, 3.0]
[1.6448822083406318, 0.0, 2.487187569061259, 0.6344, 5.0]
[1.6571562924980419, 0.0, 2.0290254563741739, 0.2604, 2.0]
[1.6626414853122164, 0.0, 2.5467033697909223, 0.8712, 6.0]
[1.6437295246665622, 0.0, 2.1314650878602244, 0.0252, 3.0]
[1.6376242179118794, 0.0, 2.0290045569731525, 0.1128, 2.0]
[1.64887362673553, 0.0, 2.6102187882392887, 0.8136, 6.0]
[1.6479505004590425, 0.0, 2.9980192258596761, 0.506, 12.0]