[1.6532357077585447, 0.0, 2.56751104254319, 0.9104, 6.0]
[1.6593199499418412, 0.0, 2.7232562130528937, 0.9644, 9.0]
[1.6611833404473328, 0.0, 2.4949275035333605, 0.6744, 6.0]
[1.6540991857304284, 0.0, 2.454118744307336, 0.568, 5.0]
[1.6541356150397217, 0.0, 2.1960472222023495, 0.4728, 3.0]
[1.6484220816560922, 0.0, 2.397397662100806, 0.7004, 4.0]
[1.6540383342389497, 0.0, 2.7027140331271355, 0.8916, 8.0]
[1.6603974817340916, 0.0, 2.5632966857099224, 0.374, 6.0]
[1.6430118331165318, 0.0, 2.3799224747420613, 0.6456, 4.0]
[1.648084220751433, 0.0, 2.015135598822793, 0.0636, 2.0]
[1.6587929401796293, 0.0, 2.6113647735412644, 0.9696, 9.0]
[1.6606173570942171, 0.0, 2.6699090880083469, 0.6584, 10.0]
[1.6587084126358533, 0.0, 2.7753188828056299, 0.7532, 6.0]
[1.6484562896916088, 0.0, 2.6540706398896896, 0.9552, 10.0]
[1.6543452638544949, 0.0, 2.4417907600297877, 0.7084, 5.0]
[1.6476460473693946, 0.0, 2.476731757023674, 0.9088, 5.0]
[1.6583225701900102, 0.0, 2.4250255713580504, 0.676, 5.0]
[1.6614902716031477, 0.0, 2.3936218076916833, 0.7424, 4.0]
[1.6547778164260696, 0.0, 2.5238435993367627, 0.3776, 5.0]
[1.6526560942556636, 0.0, 2.7326430653714704, 0.4044, 9.0]
[1.6654106276773355, 0.0, 2.4423004032172653, 0.9944, 5.0]
[1.6428894224619739, 0.0, 2.4522786963833814, 0.0676, 5.0]
[1.6614980325232933, 0.0, 2.1959326442346567, 0.4868, 3.0]
[1.6695320315307041, 0.0, 2.4807664553663482, 0.692, 6.0]
[1.6500652923374717, 0.0, 2.3284350635348718, 0.5516, 4.0]
[1.6525097934793957, 0.0, 2.4792477645548008, 0.7544, 6.0]
[1.64925582885374, 0.0, 2.4032362259706548, 0.5992, 5.0]
[1.6683884213232356, 0.0, 2.4621377067748198, 0.894, 6.0]
[1.6578893864131818, 0.0, 2.6426323531738731, 0.5956, 8.0]
[1.6518992301608886, 0.0, 2.4447034143060491, 0.4652, 4.0]
[1.6528826552850795, 0.0, 2.3709199445050162, 0.4652, 5.0]
[1.6610813580779973, 0.0, 2.2612303253246169, 0.4996, 3.0]
[1.6527644117476055, 0.0, 2.5064926603682469, 0.8112, 5.0]
[1.6537658916185549, 0.0, 2.3919283694447318, 0.7428, 5.0]
[1.6572490083031277, 0.0, 2.6720992375309187, 0.2488, 8.0]
[1.6502261297709202, 0.0, 2.3249163718867178, 0.7296, 4.0]
[1.6611901291115512, 0.0, 2.3497144607516587, 0.8996, 4.0]
[1.6510453521861552, 0.0, 2.5130644490981267, 0.9872, 6.0]
[1.6543641838969161, 0.0, 2.0320435680355144, 0.218, 2.0]
[1.6544906771486274, 0.0, 2.5513789553212449, 0.6824, 5.0]
[1.6446555520342065, 0.0, 2.1876845217225256, 0.1188, 3.0]
[1.6489929881638132, 0.0, 2.4441945336657525, 0.4928, 5.0]
[1.6424737172568875, 0.0, 2.6326764529732314, 0.6396, 6.0]
[1.6568641098700541, 0.0, 2.3180372753218101, 0.7328, 4.0]
[1.6636285557664576, 0.0, 2.3540073343744723, 0.374, 4.0]
[1.660897924191759, 0.0, 2.4079628555251267, 0.2848, 4.0]
[1.642933111284627, 0.0, 2.281783840532035, 0.8148, 3.0]
[1.6606250315728528, 0.0, 2.3918488370180144, 0.9148, 4.0]