[1.5947734160908371, 0.0, 2.4587951946203508, 0.1892, 6.0]
[1.5920217989414278, 0.0, 2.5941142548443867, 0.864, 9.0]
[1.5922932372767375, 0.0, 2.3913955423388771, 0.8724, 5.0]
[1.592929619071827, 0.0, 2.3344746218776251, 0.3348, 5.0]
[1.5944898572212796, 0.0, 3.0904753145982946, 0.7052, 15.0]
[1.5833356361450037, 0.0, 2.48121169868906, 0.176, 8.0]
[1.5796482142318578, 0.0, 2.3021884463347457, 0.0548, 5.0]
[1.5869583436797192, 0.0, 2.6021901770228251, 0.7668, 8.0]
[1.5956051299652061, 0.0, 2.1200372260515468, 0.1392, 3.0]
[1.597515734325111, 0.0, 2.4927348189296241, 0.7668, 7.0]
[1.5877593585827294, 0.0, 2.4297289840106906, 0.8924, 6.0]
[1.5903645273688265, 0.0, 2.8958137565275264, 0.8948, 16.0]
[1.5764581338852273, 0.0, 2.670330280042239, 0.9548, 10.0]
[1.5951902839614911, 0.0, 2.547407279014736, 0.968, 9.0]
[1.5905040739764622, 0.0, 2.408266395870486, 0.6124, 8.0]
[1.5834170452118295, 0.0, 2.5825626747203363, 0.6644, 8.0]
[1.5784257105207526, 0.0, 2.540288909346069, 0.1144, 8.0]
[1.5949661626012088, 0.0, 2.4278182656419363, 0.7924, 7.0]
[1.594493404340219, 0.0, 2.2957072161127758, 0.5376, 5.0]
[1.593511017647776, 0.0, 2.4996610658094953, 0.9876, 7.0]
[1.5872665471165455, 0.0, 2.4974259137623478, 0.728, 8.0]
[1.5888716356992028, 0.0, 2.0949444643434902, 0.048, 3.0]
[1.5838069826181722, 0.0, 2.2782496531017991, 0.3268, 4.0]
[1.5900010698571179, 0.0, 2.6214478401610721, 0.7068, 9.0]
[1.5801609324948205, 0.0, 2.6150038261142701, 0.9408, 8.0]
[1.5906260006199624, 0.0, 2.5586200408477802, 0.4444, 6.0]
[1.6058673879520615, 0.0, 2.6673795851159809, 0.5888, 10.0]
[1.587392342770666, 0.0, 2.3836616307774974, 0.554, 7.0]
[1.5931877657790441, 0.0, 2.5835566222729196, 0.83, 8.0]
[1.5796437741925384, 0.0, 2.6926063596158683, 0.764, 9.0]
[1.5933762800803828, 0.0, 2.5866283532564305, 0.3072, 8.0]
[1.5812466028883001, 0.0, 2.6230464896644108, 0.9416, 11.0]
[1.596062085461915, 0.0, 2.1090842348836989, 0.1172, 3.0]
[1.5861696159807024, 0.0, 2.6684984363221878, 0.6352, 10.0]
[1.5970525941532205, 0.0, 2.6682408684951717, 0.8648, 11.0]
[1.5852631622726245, 0.0, 2.5508089014767452, 0.3776, 7.0]
[1.6059094532650029, 0.0, 2.2864421930933965, 0.1644, 5.0]
[1.5771498526508356, 0.0, 2.3136575200228844, 0.4412, 4.0]
[1.5918233820954923, 0.0, 2.5414307685677797, 0.8408, 8.0]
[1.5846145618452543, 0.0, 2.5447034863877001, 0.8508, 10.0]
[1.5941533949224693, 0.0, 2.4669888452872861, 0.554, 6.0]
[1.5905671061016191, 0.0, 2.396918039966947, 0.1684, 6.0]
[1.5958322963256109, 0.0, 2.4158697389853856, 0.4656, 6.0]
[1.5868110840887644, 0.0, 2.6993357969469702, 0.9852, 11.0]
[1.5988286745616132, 0.0, 2.46607345731198, 0.9348, 6.0]
[1.5864235109796379, 0.0, 2.4483287115620729, 0.3892, 6.0]
[1.5834631635863117, 0.0, 2.415336920391054, 0.804, 6.0]
[1.5939559181794203, 0.0, 2.5433084341338899, 0.826, 10.0]