[1.6599220852562304, 0.0, 2.2196367655316749, 0.262, 3.0]
[1.6534379546756399, 0.0, 2.5859278537470729, 0.6696, 7.0]
[1.6513152873112396, 0.0, 2.6064792012239826, 0.67, 6.0]
[1.6504894326621549, 0.0, 2.3406824171727472, 0.3284, 4.0]
[1.6567753961233316, 0.0, 2.6126542910395791, 0.9212, 8.0]
[1.6420588725976797, 0.0, 2.3697303876335014, 0.6024, 4.0]
[1.6586604423901385, 0.0, 2.5301371778714481, 0.8964, 6.0]
[1.6496502812327525, 0.0, 2.5984143172478502, 0.95, 6.0]
[1.6670452818650752, 0.0, 2.4417188753691494, 0.7688, 5.0]
[1.6597115922716301, 0.0, 2.507457672718139, 0.972, 6.0]
[1.6581179037443885, 0.0, 2.4051682434006221, 0.7692, 4.0]
[1.6540610560843001, 0.0, 2.2214823848502556, 0.5968, 3.0]
[1.6581981958568877, 0.0, 2.4749724193883065, 0.4448, 5.0]
[1.6484079726312353, 0.0, 2.3943056697866529, 0.9116, 4.0]
[1.6484148608722553, 0.0, 2.4072389028540524, 0.4076, 5.0]
[1.6592870281909211, 0.0, 2.4888203427234492, 0.9592, 5.0]
[1.6577977064671301, 0.0, 2.2415597248682744, 0.2404, 3.0]
[1.6556781111375152, 0.0, 2.6401019538725272, 0.5252, 7.0]
[1.6513422666510693, 0.0, 2.6154029137210992, 0.4516, 7.0]
[1.6585012119225992, 0.0, 2.5015729939306381, 0.7924, 5.0]
[1.6531195129781735, 0.0, 2.3935766281271009, 0.6216, 5.0]
[1.656152406741263, 0.0, 2.5876489738665578, 0.678, 8.0]
[1.6484158103147486, 0.0, 2.5411212265168026, 0.5844, 7.0]
[1.6597703680455482, 0.0, 2.5313744674459739, 0.8368, 6.0]
[1.6524830765417193, 0.0, 2.4592302925094627, 0.8844, 5.0]
[1.6432416182593435, 0.0, 2.4034828109097019, 0.992, 4.0]
[1.6519355334084691, 0.0, 2.6819786664495644, 0.9288, 7.0]
[1.6476005007811603, 0.0, 2.4151190299654033, 0.9376, 4.0]
[1.6654535330340554, 0.0, 2.2448397061575589, 0.3368, 3.0]
[1.6343399310725624, 0.0, 2.3785894298454426, 0.7912, 4.0]
[1.6435261915852339, 0.0, 2.6601033031991985, 0.7496, 8.0]
[1.6528547531419786, 0.0, 2.6148547217313904, 0.9852, 7.0]
[1.6596148672783975, 0.0, 2.3579811795461412, 0.996, 4.0]
[1.6579550556739617, 0.0, 2.3881781647178069, 0.6524, 4.0]
[1.6636555733139247, 0.0, 2.0259762381051809, 0.1424, 2.0]
[1.65173582378522, 0.0, 2.3282453947634965, 0.2156, 4.0]
[1.6458606840362981, 0.0, 2.3779167649204682, 0.8476, 4.0]
[1.659667064435163, 0.0, 2.2192889309872026, 0.456, 3.0]
[1.6556229127443955, 0.0, 2.7782475857249334, 0.1568, 9.0]
[1.6604287414912862, 0.0, 2.4294172981926057, 0.6456, 5.0]
[1.6569587508409291, 0.0, 2.3652580449355849, 0.224, 4.0]
[1.6414746425475029, 0.0, 2.7379343619177332, 0.9216, 7.0]
[1.6621522124911094, 0.0, 2.5720619986787741, 0.186, 6.0]
[1.6618653397720564, 0.0, 2.4182683887090866, 0.8832, 5.0]
[1.6515312557101973, 0.0, 2.1923386723612039, 0.0852, 3.0]
[1.6559612374112427, 0.0, 2.3125758534764387, 0.428, 4.0]
[1.6435534769215208, 0.0, 2.0170776922770002, 0.1092, 2.0]
[1.6474742798250981, 0.0, 2.1924790352816261, 0.2008, 3.0]