[1.6350171240597524, 0.0, 2.7387492380651919, 0.3884, 7.0]
[1.6563640122181553, 0.0, 2.5664608042122814, 0.7676, 7.0]
[1.6571243893007714, 0.0, 2.4633006949574954, 0.5628, 5.0]
[1.6531376411196645, 0.0, 2.6816217070734769, 0.4484, 8.0]
[1.6658904513068955, 0.0, 2.5670801436026478, 0.4168, 7.0]
[1.6460112686562622, 0.0, 2.4695774818727108, 0.9892, 5.0]
[1.6648924943348278, 0.0, 2.202179243468299, 0.1264, 3.0]
[1.6683261660359476, 0.0, 2.9744236748962738, 0.734, 15.0]
[1.6552662784526384, 0.0, 2.4906105979922319, 0.6692, 5.0]
[1.6519924702603048, 0.0, 2.4875580341751644, 0.3288, 5.0]
[1.6528670877460967, 0.0, 2.331073364528935, 0.4356, 4.0]
[1.6643220318427745, 0.0, 2.0439233114344049, 0.5364, 2.0]
[1.6616550291252092, 0.0, 2.445893906634327, 0.8844, 4.0]
[1.6464289634683968, 0.0, 2.5326049984592087, 0.8856, 5.0]
[1.6492003363762202, 0.0, 2.2354650526271307, 0.8548, 3.0]
[1.6500034192247792, 0.0, 2.538198693495445, 0.194, 6.0]
[1.6665091911368011, 0.0, 2.4768944858163588, 0.6908, 6.0]
[1.6565676492281576, 0.0, 2.35818622674803, 0.688, 4.0]
[1.6556679726565888, 0.0, 2.5403459833055515, 0.8628, 6.0]
[1.6515956153833637, 0.0, 2.5230290445307268, 0.8224, 6.0]
[1.6599838016756503, 0.0, 2.1806143763353045, 0.0664, 3.0]
[1.6618995575761835, 0.0, 2.8124992969408522, 0.692, 11.0]
[1.6533740061373845, 0.0, 2.2796978144589266, 0.5136, 3.0]
[1.6695444117645315, 0.0, 2.420961579817476, 0.9684, 5.0]
[1.6618563205581036, 0.0, 2.4309366433878719, 0.8448, 5.0]
[1.6515444303068376, 0.0, 1.9871087047392366, 0.0516, 2.0]
[1.6537987441560351, 0.0, 2.3567174970851688, 0.7008, 4.0]
[1.6457837472358019, 0.0, 2.6613544526258868, 0.668, 8.0]
[1.6521323157606553, 0.0, 2.0026490549602212, 0.0624, 2.0]
[1.650539159180584, 0.0, 2.3654339363637993, 0.6164, 4.0]
[1.6489442132677232, 0.0, 2.5956197797132123, 0.6268, 8.0]
[1.6555595110907664, 0.0, 2.6603723855166543, 0.502, 8.0]
[1.6516187633999624, 0.0, 2.2532681804357599, 0.1712, 3.0]
[1.6552413782756292, 0.0, 2.2076276541622732, 0.58, 3.0]
[1.6441924016937539, 0.0, 2.4661777788219537, 0.6928, 5.0]
[1.6527881563278897, 0.0, 2.3083159570019705, 0.0756, 4.0]
[1.6522307615065035, 0.0, 2.2438817273934255, 0.3848, 3.0]
[1.6430157281865454, 0.0, 2.229740934233043, 0.1068, 3.0]
[1.6647380449435933, 0.0, 2.185310656161596, 0.1152, 3.0]
[1.6476294842546197, 0.0, 2.4242957288028064, 0.528, 5.0]
[1.655191545199812, 0.0, 2.4964457897698424, 0.9936, 6.0]
[1.6449521488073067, 0.0, 2.5088475315420298, 0.6024, 6.0]
[1.642173514954731, 0.0, 2.5004210887117742, 0.7936, 5.0]
[1.6498763437468018, 0.0, 2.2582532278739014, 0.2456, 3.0]
[1.6522862592911114, 0.0, 2.5451077492841887, 0.924, 5.0]
[1.6636949650151962, 0.0, 2.3244289532700817, 0.7832, 4.0]
[1.6463106041838982, 0.0, 2.5276302084321971, 0.3892, 5.0]
[1.650080531268638, 0.0, 2.4690311601479933, 0.8316, 5.0]