[1.6467147380645963, 0.0, 2.4363246554648041, 0.7908, 5.0]
[1.6416685514319034, 0.0, 2.3641920766908262, 0.916, 4.0]
[1.6513811332888213, 0.0, 2.1885045127872962, 0.2248, 3.0]
[1.6550685154588394, 0.0, 2.427762853867991, 0.4708, 5.0]
[1.6570638083146838, 0.0, 2.3515445479105832, 0.3864, 4.0]
[1.6450333721199786, 0.0, 2.4385397823531685, 0.4676, 5.0]
[1.6555433140353615, 0.0, 2.4223557339365609, 0.9884, 5.0]
[1.652740172085299, 0.0, 2.5285500946863912, 0.954, 5.0]
[1.646063758625089, 0.0, 2.3451300990198032, 0.0784, 4.0]
[1.653132957704424, 0.0, 2.7827222069823407, 0.844, 10.0]
[1.6594611429096795, 0.0, 2.4959564746666425, 0.6632, 5.0]
[1.6571238453795396, 0.0, 2.4788766563166762, 0.99, 5.0]
[1.6567417394202, 0.0, 2.4423419505595452, 0.9132, 5.0]
[1.6562932779561199, 0.0, 2.4464116953560291, 0.716, 5.0]
[1.6552879305628228, 0.0, 2.5670509960103582, 0.8332, 6.0]
[1.6494551256261503, 0.0, 2.7011392592348606, 0.7028, 9.0]
[1.6624045981837896, 0.0, 2.4789777908036021, 0.6148, 6.0]
[1.6554295975359188, 0.0, 2.7981729996926412, 0.3088, 8.0]
[1.6471699210733546, 0.0, 2.7344945610247366, 0.356, 9.0]
[1.6465347393790757, 0.0, 2.498902887223009, 0.7408, 5.0]
[1.6536661558925645, 0.0, 2.3583611984751931, 0.6792, 4.0]
[1.6372756813813669, 0.0, 2.5490797557551312, 0.0764, 5.0]
[1.6378308430420132, 0.0, 2.4479115585852593, 0.8712, 4.0]
[1.6524010661913042, 0.0, 2.520227454993861, 0.9876, 6.0]
[1.6557145548350336, 0.0, 2.4714067634667871, 0.646, 5.0]
[1.6551616725669094, 0.0, 2.4831581586478597, 0.2508, 6.0]
[1.6399254157732903, 0.0, 2.5644132484518876, 0.0504, 6.0]
[1.6409605928944102, 0.0, 2.4958341533931767, 0.916, 5.0]
[1.6505619999400318, 0.0, 2.2061552881245596, 0.0576, 3.0]
[1.6451017495029154, 0.0, 2.0095505226072721, 0.0804, 2.0]
[1.6518530557324198, 0.0, 2.7435406186445643, 0.7688, 10.0]
[1.6474248008853556, 0.0, 2.5782533892892743, 0.7228, 8.0]
[1.6385623594075085, 0.0, 2.3955875692464117, 0.6332, 5.0]
[1.6485409881701392, 0.0, 2.6438370200148813, 0.9944, 6.0]
[1.6546671695268538, 0.0, 2.0000299278888143, 0.0052, 2.0]
[1.6566927520948691, 0.0, 2.3483127598088402, 0.1344, 4.0]
[1.6550459736095471, 0.0, 2.3894031636955777, 0.6008, 4.0]
[1.6479309372055324, 0.0, 2.6745389412952392, 0.2628, 6.0]
[1.6511877861127529, 0.0, 2.5128140626610431, 0.824, 6.0]
[1.6598709208810933, 0.0, 2.552393577611201, 0.8608, 7.0]
[1.645330732486679, 0.0, 2.1950875693224803, 0.138, 3.0]
[1.6471424614675185, 0.0, 2.2178597344723396, 0.284, 3.0]
[1.6541903261023345, 0.0, 2.7497556274216972, 0.7, 9.0]
[1.6603707131369556, 0.0, 2.5319464275094909, 0.9972, 5.0]
[1.6501598590229662, 0.0, 2.7448026755757686, 0.9728, 7.0]
[1.6449823235880432, 0.0, 2.3256496385680983, 0.4628, 4.0]
[1.660929758251507, 0.0, 2.5028079414882898, 0.4776, 6.0]
[1.6546384633083666, 0.0, 2.765820392608326, 0.928, 7.0]