[1.588355204409579, 0.0, 2.468901496632407, 0.9508, 6.0]
[1.5904084250437132, 0.0, 2.66755278928773, 0.8536, 11.0]
[1.5878733195446209, 0.0, 2.5955189794198628, 0.4664, 10.0]
[1.5885794701528257, 0.0, 2.2329731766778091, 0.0768, 4.0]
[1.5826980557962376, 0.0, 2.4296033189113819, 0.7048, 6.0]
[1.5941722223780792, 0.0, 2.4800768038168939, 0.9548, 7.0]
[1.5937796613732038, 0.0, 2.2477121272573797, 0.4036, 4.0]
[1.5885968397861281, 0.0, 2.6980306403062615, 0.44, 13.0]
[1.5937707308940685, 0.0, 2.4013401167089707, 0.26, 6.0]
[1.5879693326976025, 0.0, 2.3392025353760824, 0.5148, 5.0]
[1.5751182364411855, 0.0, 2.4978459822084487, 0.5984, 7.0]
[1.5952172232864648, 0.0, 2.5868804369867884, 0.9336, 9.0]
[1.5948373727220493, 0.0, 2.5088784605419785, 0.3688, 7.0]
[1.586848436891416, 0.0, 2.3527337044776315, 0.3424, 5.0]
[1.5892957358403148, 0.0, 2.379505957639247, 0.5056, 5.0]
[1.5911634805927863, 0.0, 2.6225908344585287, 0.654, 9.0]
[1.5897264215989311, 0.0, 2.576948743277391, 0.9604, 7.0]
[1.5854942805995502, 0.0, 2.8443936260669247, 0.7096, 15.0]
[1.5916655045580423, 0.0, 2.4763121751009129, 0.5952, 6.0]
[1.5997993761382443, 0.0, 2.1017606357287333, 0.0068, 3.0]
[1.590004074942003, 0.0, 2.6637191254030572, 0.994, 8.0]
[1.5840467653679913, 0.0, 2.5794013391455937, 0.4856, 11.0]
[1.5898995480612401, 0.0, 2.5521663007500348, 0.9032, 7.0]
[1.5889133432760238, 0.0, 3.078652137906984, 0.4728, 24.0]
[1.5947574010235239, 0.0, 2.3822533253993248, 0.586, 5.0]
[1.5867474504938746, 0.0, 2.432015756558183, 0.3148, 6.0]
[1.5981019530526934, 0.0, 2.4197678263794695, 0.91, 5.0]
[1.5858560763105556, 0.0, 2.4995454935747157, 0.5, 7.0]
[1.5878014862523266, 0.0, 2.5807007448210841, 0.8964, 8.0]
[1.5914973902526812, 0.0, 2.6179454748316213, 0.9496, 9.0]
[1.5874148873236837, 0.0, 2.2764232389037549, 0.102, 5.0]
[1.5981430826866367, 0.0, 2.4125593742287199, 0.4092, 6.0]
[1.5875830844376573, 0.0, 2.5214821667795837, 0.0752, 7.0]
[1.5951013281418707, 0.0, 2.4959252125843996, 0.34, 6.0]
[1.5901019937950096, 0.0, 2.6259038782688986, 0.8172, 10.0]
[1.5927108088351547, 0.0, 2.6247365001709864, 0.6144, 11.0]
[1.5871585744826984, 0.0, 2.3900321127390418, 0.594, 6.0]
[1.5853550290078107, 0.0, 2.8954495505975104, 0.2236, 13.0]
[1.5860902320347234, 0.0, 2.4121283663331354, 0.0868, 6.0]
[1.5938200879037314, 0.0, 2.5589168277724141, 0.9988, 8.0]
[1.5921917775611059, 0.0, 2.3432322649749833, 0.3548, 5.0]
[1.5985338530178514, 0.0, 2.6317274577070284, 0.7568, 9.0]
[1.589970255641842, 0.0, 2.3880807754631928, 0.4252, 5.0]
[1.5937286006167755, 0.0, 2.5834380640186443, 0.6544, 9.0]
[1.5966831409917119, 0.0, 2.7425245454949003, 0.8956, 11.0]
[1.5883842363116247, 0.0, 2.3552264310481954, 0.6136, 6.0]
[1.5983344779849316, 0.0, 2.4597948753873857, 0.8772, 6.0]
[1.5986525896966328, 0.0, 2.3458460699001464, 0.4504, 6.0]