[1.5882004707035551, 0.0, 2.6217502230374761, 0.8524, 8.0]
[1.592005392580448, 0.0, 2.6015196280826687, 0.8784, 8.0]
[1.5896917056400168, 0.0, 2.6462664725179739, 0.7036, 10.0]
[1.5900315451952571, 0.0, 2.9390507984539784, 0.4432, 18.0]
[1.5874035172120551, 0.0, 2.6462615887429806, 0.8212, 10.0]
[1.5871251991515924, 0.0, 2.7277033107163207, 0.734, 14.0]
[1.5828321510017149, 0.0, 2.2261213249958587, 0.0404, 4.0]
[1.5860868002860613, 0.0, 2.2879738999602752, 0.5436, 4.0]
[1.5950017795486331, 0.0, 2.3286569642421817, 0.4276, 5.0]
[1.5900978352588937, 0.0, 2.2820621955799805, 0.078, 5.0]
[1.6002895211465258, 0.0, 2.2407308837009068, 0.1932, 4.0]
[1.5811480292357905, 0.0, 2.4059776852396411, 0.3924, 6.0]
[1.5846210012546011, 0.0, 2.5645541467752953, 0.7456, 7.0]
[1.585883700544358, 0.0, 2.4125807055150559, 0.1272, 6.0]
[1.5853855949616769, 0.0, 2.4681797743416425, 0.9168, 6.0]
[1.5828517589771769, 0.0, 2.6175534012503672, 0.7644, 10.0]
[1.5818895855656174, 0.0, 2.120072618939334, 0.1048, 3.0]
[1.5912131344798501, 0.0, 2.483884325321541, 0.9908, 6.0]
[1.5784150913152433, 0.0, 2.2624742226252517, 0.0208, 4.0]
[1.5881113822579427, 0.0, 2.7842132187696715, 0.7128, 15.0]
[1.5807683551756959, 0.0, 2.6842271716047899, 0.6924, 12.0]
[1.5887642376576765, 0.0, 2.6200177146901247, 0.7748, 10.0]
[1.5950801915690049, 0.0, 2.7276199659296658, 0.3848, 13.0]
[1.5857905475444034, 0.0, 2.5129407521548854, 0.7404, 8.0]
[1.5897194508973138, 0.0, 2.6413153518132013, 0.9988, 12.0]
[1.5843409105173918, 0.0, 2.3962006513708651, 0.382, 6.0]
[1.5888263898930046, 0.0, 2.5951291327716466, 0.4752, 9.0]
[1.5844146181186254, 0.0, 2.2595755322513922, 0.1264, 4.0]
[1.595227832253121, 0.0, 2.7780761306248531, 0.8264, 10.0]
[1.5906567840516774, 0.0, 2.3645222544602817, 0.23, 5.0]
[1.5919898470932847, 0.0, 2.200108091349378, 0.0648, 4.0]
[1.5800232204401299, 0.0, 2.5309265842749742, 0.6024, 7.0]
[1.5877258573237119, 0.0, 2.452616309387559, 0.8268, 6.0]
[1.5914227583536409, 0.0, 2.4555724366367295, 0.5516, 6.0]
[1.5845107051270584, 0.0, 2.7024272790239765, 0.714, 10.0]
[1.5992668480664123, 0.0, 2.5000954333661296, 0.996, 7.0]
[1.5823997935354526, 0.0, 2.415558859793693, 0.4836, 6.0]
[1.5859271824586134, 0.0, 2.3674437041263809, 0.0504, 5.0]
[1.5889005740701527, 0.0, 2.3498580188208225, 0.142, 5.0]
[1.59682177265637, 0.0, 2.0993129740691572, 0.0596, 3.0]
[1.5904530045902119, 0.0, 2.6975944727310281, 0.8024, 11.0]
[1.5991218999615207, 0.0, 2.6532961375274056, 0.3624, 8.0]
[1.5896811589858677, 0.0, 2.2465896650385266, 0.1472, 4.0]
[1.5916640586221082, 0.0, 2.558543484525952, 0.2236, 8.0]
[1.59053014175799, 0.0, 2.46137134324933, 0.7512, 7.0]
[1.5855919723220326, 0.0, 2.7009803529774423, 0.2096, 9.0]
[1.5898330417864301, 0.0, 2.4506220770493545, 0.644, 6.0]
[1.5924238551303302, 0.0, 2.5991111107273577, 0.6408, 9.0]