[1.5846850097801135, 0.0, 2.6499702591148355, 0.7888, 9.0]
[1.5874852450224739, 0.0, 2.5856450093417447, 0.2016, 7.0]
[1.5972433058376367, 0.0, 2.3148915006872626, 0.676, 4.0]
[1.5933801949067659, 0.0, 2.6109599354882027, 0.988, 8.0]
[1.5804464591370007, 0.0, 2.4266908660299951, 0.7112, 5.0]
[1.5831740226352546, 0.0, 2.616605629276993, 0.862, 8.0]
[1.587808091609539, 0.0, 2.5535243129480589, 0.464, 8.0]
[1.5940997556538892, 0.0, 2.3213927969667636, 0.1748, 5.0]
[1.5983374011632514, 0.0, 2.492009771752449, 0.9456, 7.0]
[1.5878791631519378, 0.0, 2.376619449979962, 0.43, 6.0]
[1.5809029935232661, 0.0, 2.6344739069070497, 0.9016, 9.0]
[1.582183883052074, 0.0, 2.5141985550553185, 0.3932, 8.0]
[1.5968373772002544, 0.0, 2.259467630024981, 0.0928, 4.0]
[1.5991992979757081, 0.0, 2.4100193093774793, 0.8508, 6.0]
[1.5823651429880452, 0.0, 2.3146146200252415, 0.6168, 5.0]
[1.5996370857315687, 0.0, 2.5108835360819528, 0.7356, 8.0]
[1.5802312515497028, 0.0, 2.5946566375943991, 0.9144, 8.0]
[1.5873626273305663, 0.0, 2.668351847807596, 0.8212, 10.0]
[1.5969463718136758, 0.0, 2.4882182710281624, 0.8292, 7.0]
[1.5770481648440406, 0.0, 2.5133030634826912, 0.6736, 6.0]
[1.5932558672889257, 0.0, 2.5547258185099571, 0.6932, 7.0]
[1.5907487933962876, 0.0, 2.647592210486013, 0.7804, 10.0]
[1.5973168465177059, 0.0, 2.2419901950843575, 0.396, 4.0]
[1.5829385016088979, 0.0, 2.3645324227260627, 0.5812, 5.0]
[1.6005077995917822, 0.0, 2.8031034389386411, 0.5196, 20.0]
[1.5895901829598018, 0.0, 2.5416676863156402, 0.7364, 8.0]
[1.5860800709720353, 0.0, 2.4957938201382235, 0.4368, 7.0]
[1.5952843519344566, 0.0, 2.3646895493193703, 0.2312, 5.0]
[1.5873576740972082, 0.0, 2.4525266238124233, 0.4436, 6.0]
[1.587350672902033, 0.0, 2.3577618689801314, 0.2728, 5.0]
[1.5898384853204757, 0.0, 2.1025517122454298, 0.0284, 3.0]
[1.5921608841643304, 0.0, 2.5790529793049313, 0.6944, 8.0]
[1.5981601816268967, 0.0, 2.5305668966292871, 0.4404, 8.0]
[1.5872550215067485, 0.0, 2.5878710799932563, 0.6352, 9.0]
[1.5909640539285892, 0.0, 2.3947729299894522, 0.4764, 5.0]
[1.593086004352001, 0.0, 2.3088460566627864, 0.7024, 5.0]
[1.5903033044364483, 0.0, 2.7188338718787817, 0.7184, 14.0]
[1.5939661835197145, 0.0, 2.5853734166018967, 0.7412, 10.0]
[1.5804777101544056, 0.0, 2.3339947005038231, 0.5172, 4.0]
[1.5904231685569048, 0.0, 2.1864793537544571, 0.1576, 4.0]
[1.5969399038686389, 0.0, 2.4988681165615763, 0.558, 8.0]
[1.6005011277581604, 0.0, 2.6522406977737756, 0.9432, 9.0]
[1.5874206975041183, 0.0, 2.6147729934850306, 0.8556, 10.0]
[1.5889970954493662, 0.0, 2.6353875004838967, 0.3628, 10.0]
[1.5928824820327416, 0.0, 2.5848323163108224, 0.9364, 8.0]
[1.5853204656288216, 0.0, 2.2626411551250296, 0.0784, 4.0]
[1.5954699467384252, 0.0, 2.7567581619745116, 0.856, 12.0]
[1.5988960562684917, 0.0, 2.6094960626107513, 0.3756, 9.0]