[1.5949139767286846, 0.0, 2.3361424803068447, 0.3144, 5.0]
[1.5818412261629613, 0.0, 2.783198071282587, 0.4584, 13.0]
[1.5863975950746227, 0.0, 2.2273918382069953, 0.1556, 4.0]
[1.5865705624359769, 0.0, 2.6512595864544783, 0.3688, 9.0]
[1.5985856752214262, 0.0, 2.3895759744802021, 0.0708, 6.0]
[1.5880007759820685, 0.0, 2.4844996424609329, 0.6328, 7.0]
[1.5949071851551095, 0.0, 2.333263635441603, 0.0964, 5.0]
[1.5971640558956826, 0.0, 2.1160908513466605, 0.0476, 3.0]
[1.5933518350851064, 0.0, 2.134338879697979, 0.0108, 3.0]
[1.5929851108660571, 0.0, 2.3736952561968492, 0.5164, 5.0]
[1.5932283238563707, 0.0, 2.7439342285627162, 0.2932, 13.0]
[1.5935801390184705, 0.0, 2.4838727794985656, 0.5596, 8.0]
[1.5823873553327599, 0.0, 2.4315520160921125, 0.5604, 6.0]
[1.5891027971460168, 0.0, 2.6513969969619193, 0.6044, 9.0]
[1.5959117321643352, 0.0, 2.5966752017467671, 0.6884, 10.0]
[1.5959673886022254, 0.0, 2.5055588079333075, 0.65, 7.0]
[1.5910464342996553, 0.0, 2.5172199179549812, 0.794, 9.0]
[1.5964325010557245, 0.0, 2.374646085119712, 0.5984, 5.0]
[1.5833313888394225, 0.0, 2.5082563798373356, 0.6952, 9.0]
[1.5951600558177539, 0.0, 2.1035900142015329, 0.1776, 3.0]
[1.5922548225944326, 0.0, 2.160378197378682, 0.2968, 3.0]
[1.5868683104700203, 0.0, 2.4063462359616885, 0.42, 6.0]
[1.5930412383929293, 0.0, 2.5606450543612476, 0.3176, 8.0]
[1.6003688638922648, 0.0, 2.6014576749407352, 0.91, 8.0]
[1.5900462236977719, 0.0, 2.3493621716321305, 0.4588, 6.0]
[1.593928060636546, 0.0, 2.6354021359856152, 0.9592, 9.0]
[1.59174637953359, 0.0, 2.371502213496687, 0.2828, 5.0]
[1.594778675411209, 0.0, 2.3822312879886338, 0.7712, 5.0]
[1.5848006281655274, 0.0, 3.0352774876449353, 0.7504, 18.0]
[1.5894100792989629, 0.0, 2.2513404202884963, 0.3292, 4.0]
[1.5832915468328053, 0.0, 2.4939514833896617, 0.1508, 8.0]
[1.5935754251282686, 0.0, 2.5841154605964594, 0.5044, 8.0]
[1.5851491906675248, 0.0, 2.5020921804518457, 0.5864, 10.0]
[1.5885034373175826, 0.0, 2.4292442726003474, 0.434, 7.0]
[1.5921022830429852, 0.0, 2.4880842467278903, 0.8348, 8.0]
[1.5924395517549674, 0.0, 2.7743748462812272, 0.9944, 11.0]
[1.5938809879449061, 0.0, 2.400040719704569, 0.9388, 6.0]
[1.5884060836983016, 0.0, 2.3458062308626735, 0.3132, 5.0]
[1.5820643343427889, 0.0, 2.5621956678828428, 0.9648, 9.0]
[1.5905268703825624, 0.0, 2.306483446588901, 0.0404, 5.0]
[1.5942378252182574, 0.0, 2.4284174469222908, 0.5204, 7.0]
[1.5860532868919917, 0.0, 2.6908313435895503, 0.4988, 11.0]
[1.5884812218042206, 0.0, 2.3935908686442948, 0.0132, 5.0]
[1.5959183014157823, 0.0, 2.5168203077820466, 0.7528, 7.0]
[1.5932119288319413, 0.0, 2.199747296627379, 0.0308, 4.0]
[1.5896384356054094, 0.0, 2.7204994118878041, 0.8632, 14.0]
[1.5838416286498624, 0.0, 2.5824885007463836, 0.1812, 8.0]
[1.5994868814338896, 0.0, 2.3010949336448192, 0.4516, 5.0]