[1.5893705067085797, 0.0, 2.2367890690690926, 0.4716, 4.0]
[1.5893756360018176, 0.0, 2.6611603213173689, 0.604, 9.0]
[1.580895267480297, 0.0, 2.7099857627433384, 0.9328, 12.0]
[1.581836651890538, 0.0, 2.5226163139777906, 0.3772, 7.0]
[1.6014497836248491, 0.0, 2.3250846755854209, 0.4136, 6.0]
[1.5913339320443387, 0.0, 2.5004091442378602, 0.3476, 7.0]
[1.5887558762643839, 0.0, 2.5076557249582834, 0.9508, 8.0]
[1.5930971107218963, 0.0, 2.6540157492882628, 0.886, 10.0]
[1.5859692364919953, 0.0, 2.2534411805745451, 0.0544, 4.0]
[1.5918538533137052, 0.0, 2.2464647571089951, 0.1604, 4.0]
[1.5872972446946865, 0.0, 2.7388944027801951, 0.8172, 10.0]
[1.594032145790484, 0.0, 2.4908460143434112, 0.4968, 7.0]
[1.5959694361853973, 0.0, 2.6246786065930738, 0.9008, 10.0]
[1.58141446247439, 0.0, 2.6197821120440228, 0.5976, 11.0]
[1.5887056355328242, 0.0, 2.4441901422546364, 0.4876, 7.0]
[1.5853280253174344, 0.0, 2.2844048273327209, 0.604, 4.0]
[1.5943663944368218, 0.0, 2.445862952169815, 0.3768, 6.0]
[1.5919461106000727, 0.0, 2.4474820663042709, 0.0448, 6.0]
[1.5871709976933377, 0.0, 2.6348606360753459, 0.79, 9.0]
[1.5888740300628985, 0.0, 2.4214698543910607, 0.3088, 6.0]
[1.5855408327423628, 0.0, 2.5012152324565715, 0.4064, 7.0]
[1.5912368377839996, 0.0, 2.5717987495985648, 0.898, 8.0]
[1.591616285567814, 0.0, 2.5247337365388161, 0.5876, 15.0]
[1.5926266249422993, 0.0, 2.6080432553874386, 0.794, 9.0]
[1.5927997141713894, 0.0, 2.5463447053894961, 0.9104, 8.0]
[1.590695429035482, 0.0, 2.5332971485247633, 0.7536, 9.0]
[1.5856227636020335, 0.0, 2.6026314758130304, 0.8552, 8.0]
[1.5782756471096282, 0.0, 2.8237887577255805, 0.8648, 13.0]
[1.5887892897704545, 0.0, 2.9034051419717848, 0.4164, 17.0]
[1.5885488767720748, 0.0, 2.4544061062009814, 0.974, 7.0]
[1.5975085979861849, 0.0, 2.5659172267015604, 0.0388, 7.0]
[1.5963817397772229, 0.0, 2.5094045653019812, 0.9992, 6.0]
[1.5875144227903117, 0.0, 2.3907155503666662, 0.0932, 6.0]
[1.5985432645546058, 0.0, 2.5019892426733485, 0.6768, 8.0]
[1.5898485560557929, 0.0, 2.2477068129521616, 0.3392, 4.0]
[1.5811472627322407, 0.0, 2.5253828385776895, 0.9436, 7.0]
[1.5860574284412752, 0.0, 2.3710619627705052, 0.644, 6.0]
[1.5834144733194475, 0.0, 2.2471027688626539, 0.0648, 4.0]
[1.5929442189989933, 0.0, 2.614007200658679, 0.948, 8.0]
[1.586032809711917, 0.0, 2.4722748159426011, 0.7724, 6.0]
[1.5928734575385741, 0.0, 2.5026123858294813, 0.2212, 8.0]
[1.5810617162207712, 0.0, 2.7170307568172971, 0.7456, 11.0]
[1.5957350881032981, 0.0, 2.3628776803634635, 0.7756, 5.0]
[1.5874282098923418, 0.0, 2.5110126222748459, 0.9032, 7.0]
[1.5971220264257331, 0.0, 2.703845738746645, 0.854, 12.0]
[1.5858590177972691, 0.0, 2.580140311687118, 0.3136, 8.0]
[1.5904381168014177, 0.0, 2.23613560562681, 0.02, 4.0]
[1.5912175192359399, 0.0, 2.6521454883451985, 0.868, 11.0]