[1.6592333084224924, 0.0, 2.5065453954353023, 0.7552, 5.0]
[1.6534374491917068, 0.0, 2.4176078802230467, 0.782, 5.0]
[1.6473067244731878, 0.0, 2.4764909457359501, 0.8016, 5.0]
[1.6534183261478002, 0.0, 2.4946755275836852, 0.9788, 6.0]
[1.6532954952481127, 0.0, 2.7732618177858419, 0.8572, 11.0]
[1.6524122084001436, 0.0, 2.8253352965881415, 0.7, 8.0]
[1.6466766267432789, 0.0, 2.5715698556704059, 0.286, 6.0]
[1.6536243052242341, 0.0, 2.3682857678889766, 0.4888, 4.0]
[1.6457929591291314, 0.0, 2.0220574778794287, 0.3168, 2.0]
[1.6557079663073853, 0.0, 2.5567899504129974, 0.3484, 7.0]
[1.6464864574005813, 0.0, 2.4058904620368944, 0.5384, 4.0]
[1.65314735480657, 0.0, 2.8176284812702468, 0.7988, 11.0]
[1.662576216444686, 0.0, 2.314560830852495, 0.6112, 4.0]
[1.6552244623745715, 0.0, 2.4496779610280965, 0.3144, 6.0]
[1.6661943119996263, 0.0, 2.417864627964498, 0.3664, 5.0]
[1.6531577441961745, 0.0, 2.5558524648841727, 0.67, 7.0]
[1.6444972310799435, 0.0, 2.7189979871291619, 0.3176, 8.0]
[1.6531317159640133, 0.0, 2.700292942521243, 0.6876, 8.0]
[1.6500148880512673, 0.0, 2.5996476208442481, 0.6252, 6.0]
[1.6610424822572822, 0.0, 2.2694539969014258, 0.9256, 3.0]
[1.6512194209449418, 0.0, 2.411691986208977, 0.6524, 5.0]
[1.6516453892017668, 0.0, 2.6711138038473488, 0.5272, 7.0]
[1.6674973021123196, 0.0, 2.476142207178011, 0.568, 5.0]
[1.6594702684099414, 0.0, 2.4904243376748303, 0.9888, 5.0]
[1.64963381755779, 0.0, 2.4823526368742788, 0.4668, 5.0]
[1.6499557643395428, 0.0, 2.5040608556087802, 0.9948, 5.0]
[1.6631942746943775, 0.0, 2.5700389170358813, 0.4, 8.0]
[1.6476625325350638, 0.0, 2.2602888198377951, 0.2816, 3.0]
[1.6444739494723661, 0.0, 2.3980578333632323, 0.7784, 4.0]
[1.664090338987126, 0.0, 2.5475633735138232, 0.5856, 6.0]
[1.6481285130564172, 0.0, 2.4409162590636293, 0.5752, 6.0]
[1.6463738318499663, 0.0, 2.535459348568506, 0.0904, 5.0]
[1.6500418605733473, 0.0, 2.3370575746836946, 0.3268, 4.0]
[1.6584528107130314, 0.0, 2.3217140717616225, 0.1516, 4.0]
[1.6573183957260365, 0.0, 2.0277583093933096, 0.1924, 2.0]
[1.6616427181409421, 0.0, 2.1978829271406228, 0.3632, 3.0]
[1.6613511314201976, 0.0, 2.5682358070092208, 0.4348, 7.0]
[1.6422638042237951, 0.0, 2.4208657166768108, 0.5072, 4.0]
[1.6591892127912473, 0.0, 2.4758680011073189, 0.7024, 5.0]
[1.6505339531713386, 0.0, 2.4484781290526687, 0.3404, 5.0]
[1.6544795613546328, 0.0, 2.5206253088189472, 0.992, 7.0]
[1.6609005589261754, 0.0, 2.3462366389271785, 0.2388, 5.0]
[1.639631436787788, 0.0, 2.4175503071203766, 0.8908, 4.0]
[1.6589894934627805, 0.0, 2.234633121457132, 0.272, 3.0]
[1.6497183691218362, 0.0, 2.7271033233787523, 0.9212, 9.0]
[1.6566971283866665, 0.0, 2.7263053797061589, 0.684, 9.0]
[1.650065960855144, 0.0, 2.732388900950649, 0.7512, 10.0]
[1.6574813635818946, 0.0, 2.539539233998469, 0.9404, 8.0]