[1.585741906260532, 0.0, 2.4788991938651064, 0.4324, 7.0]
[1.5904502882560727, 0.0, 2.5456284430412843, 0.92, 8.0]
[1.5860576486856854, 0.0, 2.4309414799356883, 0.8204, 6.0]
[1.5917655122793852, 0.0, 2.4366164579659904, 0.9864, 6.0]
[1.5786147386112357, 0.0, 2.6809700774566596, 0.2212, 10.0]
[1.5817918432925291, 0.0, 2.400816361093129, 0.58, 5.0]
[1.5940501579735167, 0.0, 2.3303728299828563, 0.3488, 5.0]
[1.5813430912729265, 0.0, 2.4194729200942291, 0.7188, 6.0]
[1.5901021831773783, 0.0, 2.2876996362935653, 0.1768, 4.0]
[1.5868853524700848, 0.0, 2.6967757798154341, 0.6544, 12.0]
[1.5998655341078776, 0.0, 2.5292725473434019, 0.3128, 8.0]
[1.5928910191751942, 0.0, 2.4617612567597993, 0.5208, 6.0]
[1.5843846643863551, 0.0, 2.5906260748198355, 0.6924, 8.0]
[1.5975580552292656, 0.0, 2.6734163560722362, 0.8668, 10.0]
[1.5920791962187069, 0.0, 2.1255936502133519, 0.214, 3.0]
[1.5952080080216136, 0.0, 2.6038139932740303, 0.082, 10.0]
[1.5920366950957416, 0.0, 2.6175211248715264, 0.9576, 7.0]
[1.5927749485716265, 0.0, 2.4608726598867268, 0.4732, 6.0]
[1.589194203948864, 0.0, 2.2682696499434458, 0.1564, 4.0]
[1.5838674386709628, 0.0, 2.5994611544232749, 0.3524, 9.0]
[1.5876541499295627, 0.0, 2.6970792066884601, 0.8428, 8.0]
[1.5904036474511649, 0.0, 2.1041716625343811, 0.0252, 3.0]
[1.594724329088721, 0.0, 2.5172996890735275, 0.1896, 7.0]
[1.5937984625480879, 0.0, 2.5961844107099759, 0.84, 8.0]
[1.5891625752033229, 0.0, 2.5177373861813663, 0.864, 6.0]
[1.5855035288615609, 0.0, 2.1543304071659897, 0.238, 3.0]
[1.5898738824845973, 0.0, 2.5408914629619197, 0.9356, 7.0]
[1.5981602416285972, 0.0, 2.6695917776471338, 0.9872, 9.0]
[1.5873039733020491, 0.0, 2.6261138734883245, 0.624, 8.0]
[1.5921609055286208, 0.0, 2.4318937735722437, 0.4788, 6.0]
[1.5888281290613215, 0.0, 2.3285498737206121, 0.5172, 5.0]
[1.5938891992019035, 0.0, 2.4739401262505361, 0.994, 6.0]
[1.5875005678107053, 0.0, 2.4664987191549503, 0.3972, 6.0]
[1.595475458938064, 0.0, 2.1135240705810663, 0.0044, 3.0]
[1.5967020980919393, 0.0, 2.4822225251549597, 0.7872, 7.0]
[1.5849329281574542, 0.0, 2.5200744777200716, 0.8388, 8.0]
[1.5817052681999251, 0.0, 2.5374806105509786, 0.5288, 7.0]
[1.5910655346468605, 0.0, 2.4829435970791596, 0.6916, 7.0]
[1.5853496337315187, 0.0, 2.543652148704564, 0.4712, 7.0]
[1.5866101327036195, 0.0, 2.6611564524645663, 0.4432, 11.0]
[1.5983441060397863, 0.0, 2.4261256927111705, 0.442, 6.0]
[1.5944246639699682, 0.0, 2.6386338767352995, 0.8132, 10.0]
[1.5893074231133992, 0.0, 2.6223315143834336, 0.7236, 7.0]
[1.5881015712714976, 0.0, 2.5046245734126851, 0.8064, 7.0]
[1.5848974296510927, 0.0, 2.4414914304538597, 0.9656, 7.0]
[1.5911410015334244, 0.0, 2.4497815340030904, 0.3708, 6.0]
[1.587402888740465, 0.0, 2.3966256375645556, 0.666, 5.0]
[1.5930498083046274, 0.0, 2.5732951668552078, 0.5528, 10.0]