[1.5913171597692113, 0.0, 2.6000371466964061, 0.858, 9.0]
[1.5921391376858436, 0.0, 2.2693022974721186, 0.1908, 4.0]
[1.5800721745186932, 0.0, 2.1334873512474886, 0.0592, 3.0]
[1.5933677935331256, 0.0, 2.7976962407144201, 0.2004, 14.0]
[1.5946374012785327, 0.0, 2.5428529003105544, 0.8176, 9.0]
[1.5999868974775984, 0.0, 2.5191852931979533, 0.9628, 8.0]
[1.593741502900903, 0.0, 2.7255484701309562, 0.4316, 13.0]
[1.5928316680772974, 0.0, 2.6269550944173305, 0.7256, 10.0]
[1.5891515207607436, 0.0, 2.4488631624558908, 0.3656, 7.0]
[1.5906930281127671, 0.0, 2.3918740552916216, 0.272, 6.0]
[1.594151689871429, 0.0, 2.4759880501610319, 0.7664, 7.0]
[1.5934631113202649, 0.0, 2.273099945846055, 0.1192, 4.0]
[1.5858231176270801, 0.0, 2.8367602161086598, 0.6512, 14.0]
[1.5950839000999237, 0.0, 2.4432347287343132, 0.4796, 6.0]
[1.5884283497767793, 0.0, 2.5893949332747122, 0.9084, 8.0]
[1.591849372028443, 0.0, 2.1255417848757432, 0.1432, 3.0]
[1.5908355713901645, 0.0, 2.7179282485953333, 0.492, 14.0]
[1.5914083975180713, 0.0, 2.4303819569789473, 0.6656, 7.0]
[1.59742525393613, 0.0, 2.403605138994509, 0.9532, 5.0]
[1.5980177256940089, 0.0, 2.5419390697194175, 0.998, 9.0]
[1.5880171048076968, 0.0, 2.3514529020265105, 0.5712, 5.0]
[1.5893291725332124, 0.0, 2.3647764855838735, 0.3348, 5.0]
[1.5939056149476518, 0.0, 2.3650772825983792, 0.0848, 5.0]
[1.5899225648394055, 0.0, 2.4197584473717528, 0.9228, 6.0]
[1.5892400434162846, 0.0, 2.5739281993247003, 0.9328, 8.0]
[1.5865772602784727, 0.0, 2.59752751723871, 0.9348, 8.0]
[1.5825941002504829, 0.0, 2.4698714041147811, 0.2428, 6.0]
[1.5781070325031556, 0.0, 2.6524644148405909, 0.798, 9.0]
[1.5899415880209964, 0.0, 2.6007598697246714, 0.9804, 8.0]
[1.5970335896423999, 0.0, 2.4078620700217277, 0.132, 5.0]
[1.5940566473180207, 0.0, 2.4837824225482179, 0.8124, 7.0]
[1.5861316055978529, 0.0, 2.4229036809323352, 0.926, 5.0]
[1.5908681963342057, 0.0, 2.3513305009076046, 0.7216, 5.0]
[1.5922387888719876, 0.0, 2.6057795260460939, 0.358, 9.0]
[1.5969838414506818, 0.0, 2.4917537769317928, 0.7132, 6.0]
[1.5912568772771318, 0.0, 2.6197648644561942, 0.4884, 9.0]
[1.591769173442009, 0.0, 2.1815276063111213, 0.0576, 4.0]
[1.6005044250535101, 0.0, 2.6575743695174703, 0.4764, 10.0]
[1.588359898284377, 0.0, 2.5440344384708924, 0.608, 12.0]
[1.5873416208859088, 0.0, 2.5814121254666009, 0.982, 7.0]
[1.5939039714947327, 0.0, 2.6393533700657512, 0.7992, 9.0]
[1.5988734928009118, 0.0, 2.5018115973771109, 0.9444, 8.0]
[1.5936978384125464, 0.0, 2.6345846794711574, 0.8624, 10.0]
[1.5846370089791653, 0.0, 2.7887368940596526, 0.366, 13.0]
[1.5928986642974545, 0.0, 2.7465356944466626, 0.4788, 11.0]
[1.5839855613618044, 0.0, 2.4745259118686223, 0.8476, 6.0]
[1.5903286815114264, 0.0, 2.7757404579129377, 0.7804, 11.0]
[1.5925015684228589, 0.0, 2.5139699812457508, 0.5972, 9.0]