[1.6500239180280361, 0.0, 2.7768047309042552, 0.474, 8.0]
[1.6545416219590099, 0.0, 2.6734806696593569, 0.8212, 9.0]
[1.6454995031624606, 0.0, 2.250948158920516, 0.956, 3.0]
[1.6620473153069628, 0.0, 2.2520236383424184, 0.622, 3.0]
[1.6546482060868155, 0.0, 2.1992628748459362, 0.8468, 3.0]
[1.6529601094367044, 0.0, 2.6487114466064368, 0.926, 7.0]
[1.6482788038723035, 0.0, 2.2076586521810677, 0.13, 3.0]
[1.6512080464876857, 0.0, 2.4830468173217231, 0.6812, 6.0]
[1.6505340694726849, 0.0, 2.3881793878812845, 0.91, 4.0]
[1.6490026757870173, 0.0, 2.5371656937004516, 0.912, 6.0]
[1.6530361819985331, 0.0, 2.7134825923713048, 0.8688, 8.0]
[1.6487419574872031, 0.0, 2.2116081487618824, 0.0652, 3.0]
[1.6588600703387639, 0.0, 2.5703967690258311, 0.8652, 6.0]
[1.6474948293847311, 0.0, 2.6576879922012719, 0.7972, 8.0]
[1.6549069431352832, 0.0, 2.3009502595995937, 0.5348, 4.0]
[1.6617771900294001, 0.0, 2.3744464773499252, 0.5844, 4.0]
[1.6482377782698872, 0.0, 2.9531789436032607, 0.4904, 13.0]
[1.6606504745590467, 0.0, 2.5799329792705121, 0.4372, 5.0]
[1.6484226301013032, 0.0, 2.8979615704787944, 0.6336, 10.0]
[1.6645516331492294, 0.0, 2.4809603186158502, 0.7028, 6.0]
[1.6516521136789415, 0.0, 2.6070885071008223, 0.4348, 9.0]
[1.6695043569965788, 0.0, 2.3903955005476867, 0.5816, 4.0]
[1.6483408627924843, 0.0, 2.3505225634820279, 0.7624, 4.0]
[1.6505906298209392, 0.0, 2.6096786825669684, 0.2892, 6.0]
[1.652197728924421, 0.0, 2.451673278967804, 0.7264, 4.0]
[1.6505604090547616, 0.0, 2.5852684195530005, 0.7488, 7.0]
[1.6486477498751801, 0.0, 2.3775189284403977, 0.688, 4.0]
[1.6598661148533107, 0.0, 2.4360458111840932, 0.5268, 5.0]
[1.6455118496505525, 0.0, 2.5243401669693206, 0.9964, 5.0]
[1.6510761971401131, 0.0, 2.5580727312966784, 0.7628, 7.0]
[1.667406815462837, 0.0, 2.5071359223895593, 0.4256, 6.0]
[1.6505399972844885, 0.0, 1.9910949314925652, 0.0928, 2.0]
[1.6437206526896544, 0.0, 2.3832537214347056, 0.2588, 4.0]
[1.6514441860526627, 0.0, 2.4186803498203151, 0.2548, 5.0]
[1.6509898922272734, 0.0, 2.364534428314399, 0.622, 4.0]
[1.6514836709270777, 0.0, 2.4611732154719119, 0.7732, 5.0]
[1.6514511903557261, 0.0, 2.1949936236131942, 0.0316, 3.0]
[1.6523103996653243, 0.0, 2.2205721855810756, 0.0668, 3.0]
[1.6475183581681447, 0.0, 2.6522134450184547, 0.222, 7.0]
[1.6552672421602401, 0.0, 2.4034857256952398, 0.9032, 4.0]
[1.6520636259989341, 0.0, 2.3660673563992187, 0.6668, 4.0]
[1.649674668894149, 0.0, 2.3150657029417854, 0.3148, 4.0]
[1.6411865512315673, 0.0, 2.492868154605949, 0.8056, 5.0]
[1.6617655404572176, 0.0, 2.0313736779042872, 0.0792, 2.0]
[1.6444687591324687, 0.0, 2.360546948866558, 0.3224, 4.0]
[1.6432018898806038, 0.0, 2.4585304196725573, 0.5896, 6.0]
[1.6528390190364732, 0.0, 2.0112338935241647, 0.1512, 2.0]
[1.654533499070586, 0.0, 2.3400255707505044, 0.9936, 4.0]