[1.5865909557428091, 0.0, 2.5331590425889599, 0.8832, 7.0]
[1.5978599093286894, 0.0, 2.528414412348825, 0.7788, 7.0]
[1.5956754065571572, 0.0, 2.5504312668412972, 0.5832, 10.0]
[1.5944081750366677, 0.0, 2.3854086184646337, 0.2864, 5.0]
[1.5881072050436265, 0.0, 2.5977932357794904, 0.8872, 8.0]
[1.5817762361110552, 0.0, 2.2537626912637405, 0.1668, 4.0]
[1.595283582501142, 0.0, 2.5738494958793785, 0.9108, 8.0]
[1.5928497247460722, 0.0, 2.5699097867183864, 0.3668, 8.0]
[1.5907333166821682, 0.0, 2.5420068146206436, 0.4192, 7.0]
[1.5941374076772146, 0.0, 2.6835508307094047, 0.9132, 9.0]
[1.5954121674952249, 0.0, 2.5109510825528671, 0.9496, 7.0]
[1.5794127312272339, 0.0, 2.8976267521195469, 0.5592, 16.0]
[1.5945280997082707, 0.0, 2.4883000644610256, 0.9256, 8.0]
[1.59498059787647, 0.0, 2.8520920501059002, 0.3204, 16.0]
[1.6000451407282452, 0.0, 2.5710031214103366, 0.2856, 13.0]
[1.5803188923462517, 0.0, 2.6773348227501632, 0.6964, 16.0]
[1.5945355191238844, 0.0, 2.607254985649246, 0.7352, 9.0]
[1.5840837106344001, 0.0, 2.4717853834695238, 0.462, 6.0]
[1.5921762845619525, 0.0, 1.9303551650080457, 0.0076, 2.0]
[1.5807711630633803, 0.0, 2.6652112650749666, 0.9684, 10.0]
[1.5769849946319332, 0.0, 2.2096773433070722, 0.068, 4.0]
[1.5921414460018495, 0.0, 2.5896255961989865, 0.194, 9.0]
[1.5859153143375502, 0.0, 2.7450058746166022, 0.804, 12.0]
[1.5930424645551473, 0.0, 2.4680506826135185, 0.3104, 7.0]
[1.5848860047131463, 0.0, 2.4671530254198313, 0.1784, 6.0]
[1.5889819192066335, 0.0, 2.3704557061557905, 0.3908, 6.0]
[1.581987578122793, 0.0, 2.7210283069300001, 0.1396, 10.0]
[1.5978735693112549, 0.0, 2.3204185515434452, 0.2356, 5.0]
[1.5860757203753528, 0.0, 2.744888420033901, 0.8388, 10.0]
[1.586333573959138, 0.0, 2.6945538111018252, 0.3764, 13.0]
[1.594213999552603, 0.0, 2.2629349271725436, 0.2884, 4.0]
[1.5867646259179502, 0.0, 2.7339481572868318, 0.8988, 10.0]
[1.5906210793351589, 0.0, 2.5120839221561888, 0.5828, 8.0]
[1.5899533372036521, 0.0, 2.4526661590945933, 0.5992, 6.0]
[1.581169605560321, 0.0, 2.36174694887753, 0.6736, 5.0]
[1.5935974484509454, 0.0, 2.748146085695141, 0.3704, 16.0]
[1.5934767416914588, 0.0, 2.2203051912077898, 0.1584, 4.0]
[1.5842610329331104, 0.0, 2.3794142846233957, 0.3124, 5.0]
[1.5953082347382725, 0.0, 2.6436241655088013, 0.336, 10.0]
[1.5868576930997518, 0.0, 2.5800515499980974, 0.4828, 8.0]
[1.5911717775958385, 0.0, 2.6872641771784065, 0.6208, 10.0]
[1.5887751053180164, 0.0, 2.4377650590271283, 0.6, 5.0]
[1.5878756057287386, 0.0, 2.5220249770591909, 0.7024, 9.0]
[1.5968518596583654, 0.0, 2.4272520236070658, 0.8856, 6.0]
[1.5860861471817405, 0.0, 2.7344427965098981, 0.4732, 15.0]
[1.5915494197938533, 0.0, 2.4382456914998794, 0.5688, 7.0]
[1.5942497956708306, 0.0, 2.5434705728718239, 0.1216, 7.0]
[1.58644760457923, 0.0, 2.7112443420703918, 0.8972, 13.0]