[1.5845508696571167, 0.0, 2.5388350409371352, 0.6564, 9.0]
[1.5822989736177338, 0.0, 2.607182372802336, 0.5876, 8.0]
[1.5913245774182092, 0.0, 2.4190884369946377, 0.4896, 6.0]
[1.6007500654716302, 0.0, 2.5436137549110382, 0.8752, 8.0]
[1.5884788799369165, 0.0, 2.3044767555804597, 0.1612, 5.0]
[1.603642792493823, 0.0, 2.5867012732660557, 0.7976, 9.0]
[1.5917852505016994, 0.0, 2.3224130330803399, 0.3512, 5.0]
[1.5899862943912066, 0.0, 2.2165595326191312, 0.1704, 4.0]
[1.593627655452827, 0.0, 2.3240780251458206, 0.3748, 5.0]
[1.5864290393084466, 0.0, 2.565112852127617, 0.6912, 9.0]
[1.5921358694228589, 0.0, 2.4133527695691823, 0.978, 6.0]
[1.5925702957830392, 0.0, 2.3959066376206444, 0.1836, 5.0]
[1.5951950378864095, 0.0, 2.3080802758635235, 0.31, 5.0]
[1.5941790889130185, 0.0, 2.5363138684818125, 0.748, 8.0]
[1.5977002692859328, 0.0, 2.5611713025437104, 0.4856, 10.0]
[1.6045162619371776, 0.0, 2.5447296169173192, 0.9044, 7.0]
[1.5925381011885649, 0.0, 2.5016300634243227, 0.6204, 7.0]
[1.5809415272421452, 0.0, 2.3714441319387616, 0.1876, 5.0]
[1.5782973946920724, 0.0, 2.5043473685034439, 0.9024, 7.0]
[1.5906042718575402, 0.0, 2.4516084867435497, 0.6036, 6.0]
[1.5876017546191443, 0.0, 2.6586504722704047, 0.9956, 11.0]
[1.5901073566090145, 0.0, 2.519997782170754, 0.6848, 8.0]
[1.5961086300753138, 0.0, 2.5607508626676321, 0.9128, 7.0]
[1.5779011630759092, 0.0, 2.411538586519907, 0.1332, 6.0]
[1.5941687837276168, 0.0, 2.5091337505649731, 0.786, 7.0]
[1.5981096222516358, 0.0, 2.405036204796291, 0.696, 6.0]
[1.5996548531440746, 0.0, 2.4902951463473877, 0.986, 7.0]
[1.5780653392736474, 0.0, 2.8068885204812504, 0.6452, 11.0]
[1.5881478723402631, 0.0, 2.5189074353055476, 0.6636, 6.0]
[1.5902777282116189, 0.0, 2.4667224193331587, 0.836, 6.0]
[1.591211592117969, 0.0, 2.4028121449906994, 0.4668, 6.0]
[1.60471629144689, 0.0, 2.3607953078376833, 0.4996, 6.0]
[1.5979571605403193, 0.0, 2.3127829370181594, 0.0908, 5.0]
[1.5924139914809627, 0.0, 2.2847665788290321, 0.0164, 5.0]
[1.5895145408393687, 0.0, 2.9861401964747927, 0.6008, 14.0]
[1.6006355540247181, 0.0, 2.6437119775028641, 0.6264, 12.0]
[1.5841836660190149, 0.0, 2.5576459630235697, 0.6076, 7.0]
[1.5946683083195756, 0.0, 2.3322009206160805, 0.4664, 5.0]
[1.5942957617684055, 0.0, 2.3853044823864735, 0.3496, 7.0]
[1.585510369821117, 0.0, 2.6602097322104878, 0.5792, 10.0]
[1.5934588299515793, 0.0, 2.4531980196783101, 0.7688, 7.0]
[1.6030484486449947, 0.0, 2.4530161323780484, 0.4956, 7.0]
[1.5907132177412686, 0.0, 2.4920032159970571, 0.4912, 7.0]
[1.5878494360519495, 0.0, 2.701297000520313, 0.7208, 11.0]
[1.580715397571026, 0.0, 2.3241648860200965, 0.2116, 5.0]
[1.5971069562500677, 0.0, 2.2548780127472456, 0.2492, 4.0]
[1.5869596719135237, 0.0, 2.3943861740258274, 0.6836, 6.0]
[1.5823254725777169, 0.0, 2.5326454754350776, 0.8204, 7.0]