[1.6537014417621083, 0.0, 2.34799323485904, 0.7156, 4.0]
[1.6492087895409182, 0.0, 2.6116042014351981, 0.9316, 7.0]
[1.6491464760357135, 0.0, 2.2366263796980279, 0.5608, 3.0]
[1.6468256171857383, 0.0, 2.6109450559418335, 0.6992, 6.0]
[1.6613220129273083, 0.0, 2.2039151399366403, 0.436, 3.0]
[1.6511107496901496, 0.0, 2.8176499392870924, 0.8304, 9.0]
[1.6509136467173828, 0.0, 2.8628941150306506, 0.5936, 15.0]
[1.6507497967966485, 0.0, 2.4201731662830896, 0.5452, 5.0]
[1.659630056942228, 0.0, 2.3655338756161406, 0.6788, 4.0]
[1.6389449479190747, 0.0, 2.4639314476285867, 0.5648, 5.0]
[1.654381374514807, 0.0, 2.449065092046196, 0.4852, 5.0]
[1.6561736678774848, 0.0, 2.1925125317223508, 0.2712, 3.0]
[1.6624286173139264, 0.0, 2.489826778505329, 0.7416, 6.0]
[1.6555754666433256, 0.0, 2.2164436990239271, 0.492, 3.0]
[1.6420198150734322, 0.0, 2.6995924775338391, 0.56, 8.0]
[1.6692854212868284, 0.0, 2.3443850738906846, 0.1956, 4.0]
[1.6429099588301264, 0.0, 2.5898079263780325, 0.8996, 6.0]
[1.6628971471651373, 0.0, 2.5654763614800387, 0.9616, 6.0]
[1.6548478791984764, 0.0, 2.4089824301669411, 0.704, 4.0]
[1.6531835651395466, 0.0, 2.3199046975389699, 0.448, 4.0]
[1.6425200779265992, 0.0, 2.5483958595608422, 0.8928, 7.0]
[1.6490431312388059, 0.0, 2.5642780729091532, 0.89, 6.0]
[1.6463153271768869, 0.0, 2.5411164484065862, 0.668, 6.0]
[1.6410126412817387, 0.0, 2.3757821171514877, 0.3688, 5.0]
[1.6688219038770988, 0.0, 2.6081777449684194, 0.6548, 6.0]
[1.6623706831194385, 0.0, 2.461258604722885, 0.9848, 6.0]
[1.6562468962779824, 0.0, 2.5325152099610468, 0.9748, 6.0]
[1.6665244654738784, 0.0, 2.582709070531819, 0.8704, 7.0]
[1.6627574506895972, 0.0, 2.2451900662332882, 0.2088, 3.0]
[1.6655182527660966, 0.0, 2.3917838175846931, 0.3124, 5.0]
[1.6526672713702792, 0.0, 2.5476311749177567, 0.9912, 5.0]
[1.6588143858584654, 0.0, 2.4917616576205361, 0.9716, 5.0]
[1.6465887060543332, 0.0, 2.6849545305220879, 0.7984, 9.0]
[1.6486126861741197, 0.0, 2.6678316276154184, 0.5208, 10.0]
[1.6488170642487474, 0.0, 2.2192508608430241, 0.4988, 3.0]
[1.6546890310353026, 0.0, 2.3543329915417655, 0.5772, 4.0]
[1.656943123248702, 0.0, 2.579034361882619, 0.2156, 6.0]
[1.6579012077953768, 0.0, 2.5806035552167219, 0.7984, 7.0]
[1.6590113406599829, 0.0, 2.3270343485812544, 0.4748, 4.0]
[1.6576561410052999, 0.0, 2.65631110803356, 0.8856, 8.0]
[1.6389507225807978, 0.0, 2.5563321997813295, 0.7176, 5.0]
[1.6581510976326816, 0.0, 2.3795132136046115, 0.8084, 4.0]
[1.6606813524986248, 0.0, 2.2340361269910938, 0.892, 3.0]
[1.6477345383470756, 0.0, 2.4825306341964106, 0.9988, 5.0]
[1.6735121416727901, 0.0, 2.5329405238362077, 0.526, 5.0]
[1.6581444716046563, 0.0, 2.4998663221318411, 0.84, 5.0]
[1.654321179958971, 0.0, 2.211877428114069, 0.2472, 3.0]
[1.6395757214894653, 0.0, 2.6992936729524097, 0.9604, 10.0]