[1.6498941827614466, 0.0, 2.6650715218821954, 0.7712, 7.0]
[1.6533634893426865, 0.0, 2.4497882190105988, 0.9164, 6.0]
[1.6463336199391723, 0.0, 2.3553306563110423, 0.742, 4.0]
[1.6486841654011686, 0.0, 2.6281185589536511, 0.8124, 8.0]
[1.6625410257326347, 0.0, 2.2719596774368558, 0.4596, 4.0]
[1.6527568394011933, 0.0, 2.4505277701517332, 0.2244, 5.0]
[1.6382133216382173, 0.0, 2.1963920598750475, 0.4796, 3.0]
[1.642304860655952, 0.0, 2.1811779220277945, 0.2936, 3.0]
[1.6392854994643611, 0.0, 2.6611367784291025, 0.9428, 7.0]
[1.6530238664940733, 0.0, 2.2228687170997228, 0.0664, 3.0]
[1.6444467043758315, 0.0, 2.6464203013708127, 0.9412, 7.0]
[1.6529999669066511, 0.0, 2.1842237739290735, 0.0408, 3.0]
[1.6525489870756433, 0.0, 2.4132429117298546, 0.7312, 4.0]
[1.6582112175027905, 0.0, 2.5695018656062647, 0.896, 7.0]
[1.670860854776604, 0.0, 2.7497184588757704, 0.8588, 7.0]
[1.6583402197256953, 0.0, 2.4331358397022149, 0.8756, 5.0]
[1.6642136000742604, 0.0, 2.4727865766978381, 0.7624, 6.0]
[1.6497033710340161, 0.0, 2.2260238163871411, 0.2212, 3.0]
[1.6477998696891012, 0.0, 2.5252228256283553, 0.9632, 5.0]
[1.6580890820157821, 0.0, 2.5472892055061687, 0.628, 6.0]
[1.6413904544521283, 0.0, 2.3909546909912303, 0.2432, 4.0]
[1.6481024580632404, 0.0, 2.2449207567542802, 0.418, 3.0]
[1.6570722998265235, 0.0, 2.4421588709015789, 0.9064, 5.0]
[1.6634993134350702, 0.0, 2.3552753179731365, 0.5576, 4.0]
[1.6563011073550391, 0.0, 2.2871960090193317, 0.9164, 3.0]
[1.6541470225284289, 0.0, 2.4597408867733428, 0.6804, 5.0]
[1.6421173879885185, 0.0, 2.6795900645281829, 0.9104, 6.0]
[1.6442554544403247, 0.0, 2.1985777440362959, 0.0352, 3.0]
[1.6495671115572332, 0.0, 2.5160862354513265, 0.6832, 8.0]
[1.639723810984492, 0.0, 2.5711414994169854, 0.586, 6.0]
[1.6701857163957328, 0.0, 2.1934862903424213, 0.4796, 3.0]
[1.6444907864210965, 0.0, 2.3774853913738667, 0.4248, 4.0]
[1.6494972488160544, 0.0, 2.5543240438286983, 0.8616, 6.0]
[1.6462474720684099, 0.0, 2.4268754265674177, 0.156, 5.0]
[1.636977193339461, 0.0, 2.8205795644724629, 0.826, 8.0]
[1.6380371222233276, 0.0, 2.6475712191531762, 0.5584, 7.0]
[1.6617993104162891, 0.0, 2.3669022415150103, 0.5224, 4.0]
[1.6546344179040426, 0.0, 2.0350340991816576, 0.4436, 2.0]
[1.6548615995822833, 0.0, 2.3314201906941294, 0.7772, 4.0]
[1.6631018145759364, 0.0, 2.4034379954681393, 0.926, 4.0]
[1.6355439287880849, 0.0, 2.433320897331805, 0.1436, 5.0]
[1.6518808948599495, 0.0, 2.3691085615781313, 0.634, 4.0]
[1.6579713091322397, 0.0, 2.2305203319999323, 0.912, 3.0]
[1.6513211632542433, 0.0, 2.5098632932015352, 0.9576, 5.0]
[1.6510225981732016, 0.0, 2.1887920344667564, 0.1296, 3.0]
[1.6457740079552177, 0.0, 2.5929665476655668, 0.8484, 6.0]
[1.6445157428007664, 0.0, 2.0280026941152869, 0.28, 2.0]
[1.6482129567293358, 0.0, 2.6196007994651334, 0.9288, 7.0]