[1.6558966218142195, 0.0, 2.5769491641871825, 0.9612, 6.0]
[1.6510102100609583, 0.0, 2.6963427576851475, 0.8036, 7.0]
[1.6508919278260892, 0.0, 2.8335314314091851, 0.7488, 10.0]
[1.6322335194141167, 0.0, 2.4087389249967126, 0.6212, 4.0]
[1.6556399376942337, 0.0, 2.3822009670785214, 0.9176, 4.0]
[1.6542580234257367, 0.0, 2.8817036166636312, 0.2468, 12.0]
[1.6552299155402506, 0.0, 2.4482315497677334, 0.6556, 5.0]
[1.6495028676325751, 0.0, 2.40215509095199, 0.8676, 4.0]
[1.6623904779893717, 0.0, 2.811151970649429, 0.628, 9.0]
[1.6422940911909816, 0.0, 2.618724590334558, 0.9588, 6.0]
[1.6605516973381218, 0.0, 2.4457220374222475, 0.7252, 5.0]
[1.6503204503876168, 0.0, 2.1819844639371913, 0.3224, 3.0]
[1.6592264761954456, 0.0, 2.5625688816849861, 0.3272, 7.0]
[1.6537584095265254, 0.0, 2.6467964248895819, 0.1224, 6.0]
[1.6557872709758259, 0.0, 2.1904026067584423, 0.2808, 3.0]
[1.6498328224879582, 0.0, 2.6470668703463325, 0.676, 10.0]
[1.6476250871221909, 0.0, 2.5452055217256064, 0.134, 6.0]
[1.6462021233152069, 0.0, 2.5307138744048059, 0.5344, 5.0]
[1.6482124092823958, 0.0, 2.3688584005614977, 0.1656, 4.0]
[1.6419692406538018, 0.0, 2.5656923853867317, 0.7968, 6.0]
[1.6497314932495883, 0.0, 2.548461821832599, 0.9704, 5.0]
[1.6549316238287575, 0.0, 2.6535726953437893, 0.8344, 7.0]
[1.6624171646899446, 0.0, 2.4895594723754617, 0.988, 5.0]
[1.6440737100154532, 0.0, 2.8287394780202124, 0.408, 11.0]
[1.6592663955822458, 0.0, 2.2290707239979239, 0.1968, 3.0]
[1.6615598381979524, 0.0, 2.2996100545680944, 0.8684, 4.0]
[1.6472878918003213, 0.0, 2.4154171397521753, 0.9564, 5.0]
[1.6458169848450674, 0.0, 2.5373399939986827, 0.8296, 5.0]
[1.6518273239208729, 0.0, 2.6145216457990257, 0.7864, 7.0]
[1.6595244729772198, 0.0, 2.24449006469905, 0.8096, 3.0]
[1.6579443619422127, 0.0, 2.4561746716903174, 0.7676, 6.0]
[1.6391620048742779, 0.0, 2.5042036577267917, 0.9612, 5.0]
[1.6576037716453107, 0.0, 2.0221936897139638, 0.3284, 2.0]
[1.6474061852231086, 0.0, 2.3562127562520292, 0.3576, 4.0]
[1.6491607407394477, 0.0, 2.7461462738230189, 0.8624, 7.0]
[1.6393850209000309, 0.0, 2.5256436734729157, 0.8712, 5.0]
[1.6439037875269258, 0.0, 2.5378288386692955, 0.9116, 6.0]
[1.6576038070279124, 0.0, 2.4823367653514006, 0.9988, 5.0]
[1.6478294161406797, 0.0, 2.8569840938784821, 0.79, 11.0]
[1.6563371839741641, 0.0, 2.2332993503253089, 0.2276, 3.0]
[1.6461018144640436, 0.0, 2.5631070526266431, 0.6712, 6.0]
[1.6515908013030909, 0.0, 2.8186139243717543, 0.7732, 13.0]
[1.6526114994856385, 0.0, 2.3022408697347609, 0.1028, 4.0]
[1.6551560367279707, 0.0, 2.5669816762029982, 0.5532, 7.0]
[1.6443803436684648, 0.0, 2.4624459212807723, 0.4124, 5.0]
[1.645289000695628, 0.0, 2.5329536116689537, 0.6832, 5.0]
[1.648026276986565, 0.0, 2.5785419602343422, 0.9164, 7.0]
[1.6483086889224947, 0.0, 2.4632800353249333, 0.6624, 5.0]