[1.6609886862430454, 0.0, 2.2198800694198626, 0.3468, 3.0]
[1.6533490669560511, 0.0, 2.7038557857102035, 0.694, 9.0]
[1.6517574451862034, 0.0, 2.236038670849994, 0.758, 3.0]
[1.6587229760955846, 0.0, 2.3748453954034625, 0.1716, 4.0]
[1.6604516083999585, 0.0, 2.5243130160574077, 0.8676, 6.0]
[1.6496396755933604, 0.0, 2.6087571661110998, 0.8236, 12.0]
[1.6526975766413079, 0.0, 2.3588055255010172, 0.3516, 4.0]
[1.6522894869998184, 0.0, 2.5793375654321227, 0.9772, 6.0]
[1.6383021074197073, 0.0, 2.2183615308794593, 0.1036, 3.0]
[1.6549965799579485, 0.0, 2.5019722230035555, 0.4764, 6.0]
[1.6462306575405239, 0.0, 2.5480692874974347, 0.9548, 5.0]
[1.6527841150361935, 0.0, 2.6018954459979078, 0.3664, 7.0]
[1.6511631535567031, 0.0, 2.4106940591181161, 0.6296, 5.0]
[1.653478928482593, 0.0, 2.2290376054821515, 0.8932, 3.0]
[1.6459943372521226, 0.0, 2.599362539073542, 0.722, 8.0]
[1.6594092234348197, 0.0, 2.2304705082935277, 0.4388, 3.0]
[1.6597632666727686, 0.0, 2.1758188695183058, 0.0748, 3.0]
[1.6530889260897503, 0.0, 2.5185571695058977, 0.5264, 6.0]
[1.6431249956637919, 0.0, 2.3938674315506629, 0.8176, 5.0]
[1.6402836116967183, 0.0, 2.256682041613939, 0.612, 3.0]
[1.6617499254129275, 0.0, 2.827570417851442, 0.4652, 13.0]
[1.6571042852538693, 0.0, 2.1991951017750786, 0.1864, 3.0]
[1.6380812180737345, 0.0, 2.5991827717746192, 0.9372, 6.0]
[1.6487920850271431, 0.0, 2.8358787388895426, 0.9204, 10.0]
[1.6474433134023696, 0.0, 2.6386003107041844, 0.898, 7.0]
[1.6384664236815876, 0.0, 2.7765117525730032, 0.8668, 10.0]
[1.6360968439931822, 0.0, 2.7934447422118183, 0.474, 8.0]
[1.6601272258693363, 0.0, 2.4887819963421656, 0.822, 6.0]
[1.6426430489998576, 0.0, 2.4655692401471905, 0.1924, 5.0]
[1.6351327296645761, 0.0, 2.4545028329351135, 0.2432, 5.0]
[1.6456039786473253, 0.0, 2.5198770329287514, 0.7824, 7.0]
[1.6606354365464679, 0.0, 2.4640587222985326, 0.9512, 6.0]
[1.648578596189431, 0.0, 2.6847421862055501, 0.754, 8.0]
[1.6565005617344788, 0.0, 2.4473463103028745, 0.6908, 5.0]
[1.6706010192165714, 0.0, 2.0429027206551691, 0.0844, 2.0]
[1.6591299211867054, 0.0, 2.453326728146827, 0.62, 8.0]
[1.6592940618376923, 0.0, 2.6719629200215049, 0.4644, 9.0]
[1.6584818211363728, 0.0, 2.2668947023157564, 0.8364, 3.0]
[1.6514404443885744, 0.0, 2.6106914645852433, 0.5832, 7.0]
[1.6398424914122816, 0.0, 2.2538388198168784, 0.6536, 3.0]
[1.6466085832910324, 0.0, 2.6991363672955471, 0.9836, 6.0]
[1.6473236546240539, 0.0, 2.4259631575114762, 0.7732, 5.0]
[1.6460236771331243, 0.0, 2.6072869232250593, 0.7704, 6.0]
[1.6651197632238555, 0.0, 2.3718587926002659, 0.4264, 4.0]
[1.6549901849621116, 0.0, 2.2771083081011798, 0.3472, 4.0]
[1.6588007549810599, 0.0, 2.2297031854201568, 0.3728, 3.0]
[1.6395083102498433, 0.0, 2.3042394146918999, 0.1, 4.0]
[1.6521113098385469, 0.0, 2.5090467139368946, 0.2656, 5.0]