[1.6473572258756883, 0.0, 2.5586311331999729, 0.5808, 7.0]
[1.6593965392060839, 0.0, 2.6309926159442858, 0.6384, 10.0]
[1.6469938256693428, 0.0, 2.3350209831339694, 0.2428, 4.0]
[1.6666832034931658, 0.0, 2.3859035779973006, 0.84, 4.0]
[1.6496144416548302, 0.0, 2.7634659389724825, 0.994, 7.0]
[1.64831116046889, 0.0, 2.4917245463830584, 0.9372, 5.0]
[1.6415457241513756, 0.0, 2.53918999660495, 0.6272, 5.0]
[1.663459034308457, 0.0, 2.5447049332167069, 0.9704, 5.0]
[1.6650045314472601, 0.0, 2.560436844990015, 0.6204, 7.0]
[1.6352126347460709, 0.0, 2.6222064956229074, 0.8624, 7.0]
[1.6514719263062907, 0.0, 2.4423395238082923, 0.1832, 5.0]
[1.6483391260021001, 0.0, 2.6870218063155469, 0.7984, 8.0]
[1.6532949520581302, 0.0, 2.4732649082440092, 0.2824, 5.0]
[1.6483822743788237, 0.0, 2.3422940054851251, 0.9228, 4.0]
[1.6430069740740643, 0.0, 2.883885863436765, 0.9544, 9.0]
[1.6578234116240615, 0.0, 2.5762370571081536, 0.574, 7.0]
[1.6466423848563294, 0.0, 2.2521600492795613, 0.4264, 3.0]
[1.6677881584367986, 0.0, 2.3902229078714399, 0.8368, 4.0]
[1.656883895561087, 0.0, 2.3633021980022408, 0.6784, 4.0]
[1.6558410976224871, 0.0, 2.5868191436781478, 0.9984, 6.0]
[1.654967238954828, 0.0, 2.3460392467907685, 0.9252, 4.0]
[1.6501227539377128, 0.0, 2.3427117860479472, 0.2592, 4.0]
[1.66411611033582, 0.0, 2.6924493556406559, 0.8068, 9.0]
[1.6460757555812515, 0.0, 2.5414696054844144, 0.4016, 6.0]
[1.6503873780396328, 0.0, 2.2344552983023647, 0.2956, 3.0]
[1.6467950881327686, 0.0, 2.3671730017133883, 0.026, 4.0]
[1.6650896561598514, 0.0, 2.6140749235879159, 0.4892, 6.0]
[1.6532524466570038, 0.0, 2.4958461034617718, 0.4988, 5.0]
[1.6527101089102361, 0.0, 2.2237714379548223, 0.2776, 3.0]
[1.6659989496336269, 0.0, 2.4101604508901655, 0.53, 4.0]
[1.6456479430669524, 0.0, 2.6832239211730649, 0.8016, 8.0]
[1.6556931563502757, 0.0, 2.6613241003485926, 0.116, 6.0]
[1.6534398048928844, 0.0, 2.4948680804348191, 0.146, 5.0]
[1.6586792493506057, 0.0, 2.2132278355070429, 0.0184, 3.0]
[1.6590582283189843, 0.0, 2.4323895743932686, 0.6188, 11.0]
[1.6550165092823508, 0.0, 2.5881354830956838, 0.9636, 6.0]
[1.6698289177700685, 0.0, 2.2411109348572147, 0.6876, 3.0]
[1.6552851321702564, 0.0, 2.6166595359393394, 0.8564, 7.0]
[1.6361749934129213, 0.0, 2.5495482110017424, 0.876, 6.0]
[1.6567625649413138, 0.0, 2.3598197297520089, 0.338, 4.0]
[1.656285344182203, 0.0, 2.1978419177807185, 0.2504, 3.0]
[1.6433036852570724, 0.0, 2.0171983221115157, 0.0792, 2.0]
[1.6567144725896275, 0.0, 2.2101083326860493, 0.4776, 3.0]
[1.6372566825425097, 0.0, 2.7484774267243894, 0.6552, 9.0]
[1.6626769587538388, 0.0, 2.2129585988432963, 0.2924, 3.0]
[1.6525293403488919, 0.0, 2.5237969253600605, 0.9468, 6.0]
[1.6486246667950408, 0.0, 2.5937977734289976, 0.408, 6.0]
[1.651332173130674, 0.0, 2.4745750008881586, 0.8604, 5.0]