[1.6600264395793727, 0.0, 2.4231787243572311, 0.9208, 4.0]
[1.6444887560960761, 0.0, 2.192646915173166, 0.0612, 3.0]
[1.6613002580237364, 0.0, 2.0242840026808069, 0.1724, 2.0]
[1.6423396538755313, 0.0, 2.3876933163495191, 0.5656, 4.0]
[1.6412005027874432, 0.0, 2.5193998306153151, 0.18, 4.0]
[1.6376289549697207, 0.0, 2.7554412971904614, 0.7648, 8.0]
[1.6564187869002549, 0.0, 2.4492417374460276, 0.594, 5.0]
[1.6454369951804297, 0.0, 2.4556445621621106, 0.7136, 4.0]
[1.6525924287274738, 0.0, 2.2801575654753421, 0.3488, 4.0]
[1.6479686605180814, 0.0, 2.3917430840298461, 0.9672, 4.0]
[1.6618745714112459, 0.0, 2.3302186450861342, 0.5044, 4.0]
[1.6471908950700089, 0.0, 2.3324048223354223, 0.3856, 4.0]
[1.6452584205504246, 0.0, 2.6530808304554601, 0.8408, 7.0]
[1.6430265566493936, 0.0, 2.5578727503701044, 0.2852, 6.0]
[1.6619152015237186, 0.0, 2.3927316234277165, 0.9144, 4.0]
[1.6590658951468664, 0.0, 2.7633202388297606, 0.998, 9.0]
[1.6510952449354253, 0.0, 2.6258012928473113, 0.9852, 6.0]
[1.6416837936092579, 0.0, 2.5689938027111285, 0.5924, 5.0]
[1.6635534874204692, 0.0, 2.4141086753331447, 0.9916, 5.0]
[1.6549877836643918, 0.0, 2.2043167098868603, 0.4924, 3.0]
[1.6591576896858258, 0.0, 2.5199628035343413, 0.9424, 5.0]
[1.6470579131528496, 0.0, 2.3889656722044155, 0.59, 4.0]
[1.6561266938720951, 0.0, 2.4856069676366257, 0.9144, 5.0]
[1.6561779511398393, 0.0, 2.2299119370369196, 0.7832, 3.0]
[1.6506668328377185, 0.0, 2.6928138652317894, 0.8584, 7.0]
[1.6591285068958586, 0.0, 2.7944694769107286, 0.4956, 9.0]
[1.6477973113322442, 0.0, 2.2063101411579167, 0.1588, 3.0]
[1.6630871518517538, 0.0, 2.2348484711741978, 0.4828, 3.0]
[1.6487897426335136, 0.0, 2.4314506859283149, 0.9708, 5.0]
[1.6579710644544283, 0.0, 2.6229497357946139, 0.9956, 7.0]
[1.6631711672877172, 0.0, 2.9185934636005069, 0.8536, 13.0]
[1.647224059670342, 0.0, 2.5780996470279183, 0.2408, 5.0]
[1.6484363452294462, 0.0, 2.220550762532933, 0.2104, 3.0]
[1.6588095796963152, 0.0, 2.5586352839060313, 0.6604, 11.0]
[1.6445202605854492, 0.0, 2.5527565093246798, 0.9248, 6.0]
[1.6748787234446345, 0.0, 2.1872418735308257, 0.1028, 3.0]
[1.6596526010192796, 0.0, 2.6086290937506682, 0.8592, 6.0]
[1.6599408597954026, 0.0, 2.0101281716535166, 0.068, 2.0]
[1.6602530816177934, 0.0, 2.241335063638525, 0.192, 3.0]
[1.6457255292357367, 0.0, 2.479792899263733, 0.6504, 5.0]
[1.648470692553208, 0.0, 2.5435253632898611, 0.8852, 7.0]
[1.6520262108998163, 0.0, 2.7657944319871151, 0.9064, 8.0]
[1.6443765968212634, 0.0, 2.7438264101069461, 0.9076, 8.0]
[1.6522868397714348, 0.0, 2.4891826951784681, 0.988, 5.0]
[1.6567722970635788, 0.0, 2.3368040404717019, 0.4232, 4.0]
[1.6658217202083005, 0.0, 2.3585255658294462, 0.6764, 4.0]
[1.6516828061693869, 0.0, 2.3556903899011639, 0.766, 4.0]
[1.6690440079950144, 0.0, 2.3997715308060696, 0.872, 5.0]