[1.6613933927918938, 0.0, 2.5119302813700477, 0.618, 6.0]
[1.6672306624616331, 0.0, 2.0228782337687727, 0.1224, 2.0]
[1.6490324761596495, 0.0, 2.2311636075664421, 0.8524, 3.0]
[1.6422730258707934, 0.0, 1.9960849455445095, 0.3068, 2.0]
[1.6511540630009707, 0.0, 2.2420978876353326, 0.3644, 3.0]
[1.6442566311137932, 0.0, 2.6797704295019553, 0.5112, 7.0]
[1.6510891660514333, 0.0, 2.3095424382258045, 0.426, 4.0]
[1.6503504531950812, 0.0, 2.5632487200477887, 0.9544, 8.0]
[1.6465391721820994, 0.0, 2.5586498191407241, 0.9908, 5.0]
[1.6597468549133856, 0.0, 2.2343339541246188, 0.442, 3.0]
[1.6469697811345509, 0.0, 2.5889281351794535, 0.9808, 6.0]
[1.6521194917340787, 0.0, 2.5229688367771561, 0.9796, 5.0]
[1.6566181488025611, 0.0, 2.3744680304835359, 0.9132, 4.0]
[1.652041833323743, 0.0, 2.7052909427072951, 0.4872, 8.0]
[1.6469769133168475, 0.0, 2.5803073517477046, 0.9228, 6.0]
[1.6545190933274248, 0.0, 2.3778402634285234, 0.8092, 5.0]
[1.6539399639745498, 0.0, 2.2556323625237558, 0.0136, 3.0]
[1.6540317231441128, 0.0, 2.3087910587868334, 0.5704, 4.0]
[1.6499686222460497, 0.0, 2.5068765026175539, 0.9496, 5.0]
[1.6423045888588812, 0.0, 2.3657432310899136, 0.7948, 4.0]
[1.6649032205993932, 0.0, 2.2358230435208619, 0.1624, 3.0]
[1.6503492335966055, 0.0, 2.4143547237719707, 0.4604, 4.0]
[1.6527147426809439, 0.0, 2.5351313751666678, 0.8672, 6.0]
[1.666473154975485, 0.0, 1.9969246145503368, 0.2836, 2.0]
[1.6471948158478746, 0.0, 2.5262551029264513, 0.8908, 5.0]
[1.6459721352816574, 0.0, 2.701067740965958, 0.6052, 8.0]
[1.6435510383496919, 0.0, 2.6497870533105861, 0.3712, 7.0]
[1.6403276700242846, 0.0, 2.5458506121345805, 0.762, 6.0]
[1.6438473058514422, 0.0, 2.2274332093042153, 0.1768, 3.0]
[1.6546571731111661, 0.0, 2.5585168626384949, 0.7624, 6.0]
[1.6644018627926132, 0.0, 2.3691843229934779, 0.8804, 4.0]
[1.6534115277011936, 0.0, 2.5578158470757213, 0.9344, 5.0]
[1.6404016914204702, 0.0, 2.5181727823705558, 0.94, 5.0]
[1.6585939096783897, 0.0, 2.560306901613302, 0.9716, 7.0]
[1.6552015609962822, 0.0, 2.4739010868059963, 0.8208, 5.0]
[1.6436234547419277, 0.0, 2.6033812677870385, 0.9576, 6.0]
[1.6576402772950547, 0.0, 2.4590775098591884, 0.7156, 5.0]
[1.6624127581413009, 0.0, 2.2902375283614913, 0.5932, 4.0]
[1.6631912832463698, 0.0, 2.0303373894588725, 0.2396, 2.0]
[1.6572707377856419, 0.0, 2.1932276791484289, 0.404, 3.0]
[1.6611581373199082, 0.0, 2.3221580768227392, 0.6344, 4.0]
[1.6433053234123114, 0.0, 2.6149183114495282, 0.7884, 6.0]
[1.6584208643417122, 0.0, 2.4278200225350464, 0.8984, 5.0]
[1.6576464357967189, 0.0, 2.6410018260320425, 0.706, 7.0]
[1.6614786859839279, 0.0, 2.2766850959262186, 0.2448, 4.0]
[1.6507545571147615, 0.0, 2.3866455150588433, 0.3304, 4.0]
[1.6479927582418208, 0.0, 2.6960603622171035, 0.9024, 11.0]
[1.6521913660164307, 0.0, 2.5622029153552583, 0.992, 6.0]