[1.6404586414256557, 0.0, 2.2163333837419747, 0.1184, 3.0]
[1.6524342304982746, 0.0, 2.215329551734059, 0.1044, 3.0]
[1.6556069391411969, 0.0, 2.2002038277957072, 0.7504, 3.0]
[1.6492314985065368, 0.0, 2.4735812812655347, 0.9908, 5.0]
[1.6487755716920145, 0.0, 2.4562979570107597, 0.3876, 5.0]
[1.6525575759552105, 0.0, 2.6309621205127445, 0.6196, 12.0]
[1.6507971453816217, 0.0, 2.0092358577509799, 0.0788, 2.0]
[1.6568341259286443, 0.0, 2.5325698437749611, 0.994, 6.0]
[1.6487036575811107, 0.0, 2.2161568260056264, 0.7584, 3.0]
[1.6480895392926929, 0.0, 2.4819853074134235, 0.3644, 6.0]
[1.6423192784849541, 0.0, 2.4563522709588814, 0.5648, 5.0]
[1.6591766292065868, 0.0, 2.6809074947822964, 0.8784, 7.0]
[1.6665124595809799, 0.0, 2.5621801559845943, 0.8728, 6.0]
[1.64720243632827, 0.0, 2.2257628427210863, 0.1384, 3.0]
[1.650311380550356, 0.0, 2.8471772059514495, 0.52, 12.0]
[1.6523980349142606, 0.0, 2.2221390226317257, 0.26, 3.0]
[1.6490255173834423, 0.0, 2.7424501911266654, 0.7484, 9.0]
[1.6378338048152183, 0.0, 2.5892106493413025, 0.7936, 6.0]
[1.6519613714700272, 0.0, 2.3780335974485927, 0.0844, 4.0]
[1.6464252392289391, 0.0, 2.0463968010767926, 0.4092, 2.0]
[1.6428638378799372, 0.0, 2.6629736997282403, 0.2892, 8.0]
[1.6488881585762212, 0.0, 2.4826768254394627, 0.552, 6.0]
[1.6606942204465582, 0.0, 2.2050760015410606, 0.4412, 3.0]
[1.6616711491750991, 0.0, 2.6394001836022216, 0.9992, 8.0]
[1.6546752749076536, 0.0, 2.4987282676644789, 0.6512, 7.0]
[1.6665030978451467, 0.0, 2.4591730653820223, 0.744, 6.0]
[1.6589280137449549, 0.0, 2.5850273802568431, 0.5728, 6.0]
[1.6643874267221843, 0.0, 2.7212118732406783, 0.7864, 13.0]
[1.6557148173812957, 0.0, 2.5379910159237964, 0.9956, 7.0]
[1.664281789702164, 0.0, 2.6739728172499198, 0.2208, 9.0]
[1.6452752861221738, 0.0, 2.4707138263788284, 0.8116, 5.0]
[1.6490611884443351, 0.0, 2.464514868169049, 0.8524, 5.0]
[1.6415941221043422, 0.0, 2.6247887309403963, 0.9404, 6.0]
[1.6591657114649356, 0.0, 2.6951291160674389, 0.2656, 10.0]
[1.6591088061183872, 0.0, 2.5197442365599265, 0.6976, 7.0]
[1.6409594711545212, 0.0, 2.5783104867473767, 0.4204, 5.0]
[1.6485823461787259, 0.0, 2.4227139525041506, 0.7724, 4.0]
[1.6508313790908524, 0.0, 2.4403588732505481, 0.526, 5.0]
[1.6546542371074515, 0.0, 2.553321646296161, 0.978, 6.0]
[1.6560877396754199, 0.0, 2.3691467535768123, 0.4376, 4.0]
[1.6572510986888043, 0.0, 2.4949127509197115, 0.9328, 6.0]
[1.6547689699606796, 0.0, 2.4139488038532022, 0.7968, 4.0]
[1.654591621123044, 0.0, 2.4574884849927461, 0.5768, 5.0]
[1.6576992124878087, 0.0, 2.528638985153175, 0.8888, 7.0]
[1.6387677995472725, 0.0, 2.378476167090164, 0.9656, 4.0]
[1.6512588046361825, 0.0, 2.4397047014300348, 0.8792, 5.0]
[1.6477648171401482, 0.0, 2.3337953895212538, 0.4348, 4.0]
[1.6476187400643838, 0.0, 2.5819713203910206, 0.8104, 7.0]