[1.6548629309772016, 0.0, 2.2940574767646167, 0.8704, 4.0]
[1.656840448898151, 0.0, 2.347822200905763, 0.5372, 4.0]
[1.6621915106315961, 0.0, 2.5503023773972515, 0.7152, 7.0]
[1.6436232235744215, 0.0, 2.8271297049745394, 0.9912, 9.0]
[1.661963131643434, 0.0, 2.4386621084856337, 0.6304, 5.0]
[1.6507248014395124, 0.0, 2.2282397955764175, 0.0468, 3.0]
[1.6570100353471795, 0.0, 2.5672690803869385, 0.7844, 6.0]
[1.6437170194485295, 0.0, 2.7943552276426873, 0.768, 10.0]
[1.6686838274742612, 0.0, 2.4173064052075519, 0.9888, 4.0]
[1.663746600962428, 0.0, 2.245092445678246, 0.5504, 3.0]
[1.6493381481483842, 0.0, 2.5399114392122861, 0.8412, 5.0]
[1.6540351698780462, 0.0, 2.4023158876554795, 0.8528, 4.0]
[1.6519703523995364, 0.0, 2.4970204694458662, 0.1208, 5.0]
[1.651927958480564, 0.0, 2.3821174925648503, 0.4368, 4.0]
[1.6693343280753892, 0.0, 2.9005380838246948, 0.758, 10.0]
[1.6504348631902472, 0.0, 2.5459234698598263, 0.9912, 6.0]
[1.6509116315267685, 0.0, 2.4668309615860959, 0.8424, 5.0]
[1.6491956832236081, 0.0, 2.2036104511351571, 0.3452, 3.0]
[1.6591748296320756, 0.0, 2.5229618193401162, 0.4472, 6.0]
[1.6432603449633469, 0.0, 2.6148038257175097, 0.9032, 7.0]
[1.6544357073263316, 0.0, 2.3682813297036001, 0.7372, 4.0]
[1.6527825101504277, 0.0, 2.5834118879829964, 0.8288, 7.0]
[1.6586058584337462, 0.0, 2.242775599249291, 0.072, 3.0]
[1.6497980303323914, 0.0, 2.4321020734847494, 0.5052, 5.0]
[1.6434861007070909, 0.0, 2.7451113236099651, 0.6208, 7.0]
[1.6667009796134595, 0.0, 2.42290957293591, 0.9208, 5.0]
[1.6505944746684249, 0.0, 2.5094538300545928, 0.386, 6.0]
[1.6456956916540033, 0.0, 2.5181924895256578, 0.5688, 6.0]
[1.6683065145504532, 0.0, 2.639432248500114, 0.9256, 8.0]
[1.6681570872265516, 0.0, 2.1942729742037228, 0.2896, 3.0]
[1.6584378787000984, 0.0, 2.3954430269463067, 0.4908, 4.0]
[1.6687962570922168, 0.0, 2.0338950632195294, 0.3704, 2.0]
[1.663814848034002, 0.0, 2.3738416415402392, 0.5352, 4.0]
[1.6587768841983186, 0.0, 2.4275489687009597, 0.326, 6.0]
[1.6350043384671669, 0.0, 2.2172659079754959, 0.0768, 3.0]
[1.6595435933550831, 0.0, 2.6372866100129269, 0.7832, 6.0]
[1.6472670051351948, 0.0, 2.0028254452476197, 0.1372, 2.0]
[1.6616574306425624, 0.0, 2.5500512958133221, 0.7388, 7.0]
[1.6489508465264535, 0.0, 2.2053685480033245, 0.1152, 3.0]
[1.6539837068134164, 0.0, 2.009963816314646, 0.1196, 2.0]
[1.6530187467575268, 0.0, 2.594671295781346, 0.3804, 6.0]
[1.6438824627741637, 0.0, 2.6685050276604017, 0.7184, 8.0]
[1.6515115004871808, 0.0, 2.4395896700137891, 0.2524, 5.0]
[1.6528533785625015, 0.0, 2.4543819739515431, 0.5296, 5.0]
[1.6512803793030997, 0.0, 2.307002187741567, 0.8784, 4.0]
[1.6515575790855914, 0.0, 2.2314201759119956, 0.4832, 3.0]
[1.6446443337180463, 0.0, 2.5689504687810363, 0.7144, 6.0]
[1.6504561824302, 0.0, 2.3764283047460539, 0.6036, 5.0]