[1.5806220248687086, 0.0, 2.1329374538883341, 0.264, 3.0]
[1.5913734170257823, 0.0, 2.4844258077698802, 0.8408, 7.0]
[1.5915642077645402, 0.0, 2.3757265927461488, 0.6308, 6.0]
[1.5800741770154667, 0.0, 2.3591164336324528, 0.4636, 5.0]
[1.5929051777882723, 0.0, 2.383757068884643, 0.996, 5.0]
[1.6015584938548577, 0.0, 2.5065788426108808, 0.9696, 7.0]
[1.5782667411151898, 0.0, 2.4025379774764968, 0.3204, 6.0]
[1.5977242669668419, 0.0, 2.5871354849229355, 0.9188, 8.0]
[1.5972094124672425, 0.0, 2.675018547476399, 0.1948, 12.0]
[1.6038138593907991, 0.0, 2.5585427454650813, 0.6448, 8.0]
[1.5960731183398924, 0.0, 2.4510946534333762, 0.2828, 6.0]
[1.5892441720686885, 0.0, 2.7683171782096911, 0.8896, 13.0]
[1.5936429054930803, 0.0, 2.8616797202903177, 0.64, 13.0]
[1.5844814076701326, 0.0, 2.3348922087819344, 0.102, 5.0]
[1.5865324866887667, 0.0, 2.4105272779411888, 0.7388, 6.0]
[1.5769448510587716, 0.0, 2.4955072704962507, 0.8964, 7.0]
[1.5835792808454645, 0.0, 2.3618879512877564, 0.3924, 5.0]
[1.5898225868206615, 0.0, 2.4647243458519648, 0.8264, 6.0]
[1.5814794204855205, 0.0, 2.5903168066526905, 0.1404, 9.0]
[1.5959770453272655, 0.0, 2.6244057182496094, 0.7272, 10.0]
[1.5902063508930571, 0.0, 2.4593513235964015, 0.0868, 7.0]
[1.5959678929661734, 0.0, 2.3660972960068918, 0.0472, 5.0]
[1.5838782206379953, 0.0, 2.4674738301880303, 0.5944, 6.0]
[1.5926986519423263, 0.0, 2.4864673445073722, 0.25, 7.0]
[1.5919822121173133, 0.0, 2.2685339435953056, 0.1948, 4.0]
[1.5891922731991674, 0.0, 3.1167629065189515, 0.4896, 29.0]
[1.5889087540477904, 0.0, 2.3946454253989513, 0.2836, 6.0]
[1.5833595936663953, 0.0, 2.6269922399034167, 0.892, 9.0]
[1.5903402612370661, 0.0, 3.0003494877885912, 0.9484, 20.0]
[1.576893286661524, 0.0, 2.3978890479637225, 0.2168, 5.0]
[1.595787660866308, 0.0, 2.3617850312132975, 0.0664, 6.0]
[1.5960176821419623, 0.0, 2.6553692083392897, 0.298, 10.0]
[1.5969821158103947, 0.0, 2.5862308059829928, 0.4724, 14.0]
[1.5943180814917883, 0.0, 2.4927350843138085, 0.9312, 7.0]
[1.5909641236153262, 0.0, 2.7234530882328265, 0.4424, 11.0]
[1.5902126424455094, 0.0, 2.5675505170699697, 0.6336, 9.0]
[1.5873203255603827, 0.0, 2.5568300921156393, 0.9452, 7.0]
[1.5931953845256386, 0.0, 2.6084200396724277, 0.0776, 8.0]
[1.576450690883259, 0.0, 2.3743752867288821, 0.336, 5.0]
[1.597427358280973, 0.0, 2.3704316183844747, 0.2296, 5.0]
[1.5902106192611938, 0.0, 2.2714226890281717, 0.086, 4.0]
[1.5896798079434749, 0.0, 2.5883315138086114, 0.8504, 8.0]
[1.5899502167616051, 0.0, 2.4725557854654641, 0.2112, 7.0]
[1.5975532834008495, 0.0, 2.4504776024431036, 0.9496, 7.0]
[1.5872055851763218, 0.0, 2.5827066118334692, 0.37, 10.0]
[1.5943901467645589, 0.0, 2.435279433034732, 0.124, 6.0]
[1.5920778326563312, 0.0, 2.625002739394513, 0.9356, 8.0]
[1.5857471852679716, 0.0, 2.227188893025934, 0.0724, 4.0]