[1.6406774391987349, 0.0, 2.4435006754015021, 0.2816, 5.0]
[1.6476956923193344, 0.0, 2.5306905093217495, 0.8544, 6.0]
[1.6637858131321082, 0.0, 2.350710052008274, 0.7648, 4.0]
[1.6522747717904318, 0.0, 2.5867367574790174, 0.4792, 7.0]
[1.6469056500074313, 0.0, 2.2206000784145252, 0.62, 3.0]
[1.6559506909471191, 0.0, 2.6082931723603435, 0.938, 6.0]
[1.6483084594120332, 0.0, 2.458453898015641, 0.434, 5.0]
[1.6643545524180392, 0.0, 2.1820456604075074, 0.0616, 3.0]
[1.6605720592745441, 0.0, 2.2178322783918594, 0.6304, 3.0]
[1.6558432929694429, 0.0, 2.6836125415906182, 0.3004, 9.0]
[1.6604934997221865, 0.0, 2.4250695210109665, 0.5484, 5.0]
[1.6584971818941976, 0.0, 2.3776799708874372, 0.8888, 4.0]
[1.6472311515488816, 0.0, 2.7147378153209409, 0.992, 9.0]
[1.6412972501049559, 0.0, 2.3504397540830921, 0.9536, 4.0]
[1.6707733553603608, 0.0, 2.1911287761589202, 0.6636, 3.0]
[1.6462415439301221, 0.0, 2.5900012874161127, 0.7328, 7.0]
[1.6666724286518613, 0.0, 2.3209291594958543, 0.5116, 4.0]
[1.6647777351639073, 0.0, 2.2447329761683354, 0.798, 3.0]
[1.6453429053839004, 0.0, 2.3544179257888418, 0.3524, 4.0]
[1.6408547293348421, 0.0, 2.5433566316222294, 0.7584, 5.0]
[1.6541678347393107, 0.0, 2.4003328806724742, 0.3332, 5.0]
[1.6590969233834361, 0.0, 2.7711804707714531, 0.7104, 8.0]
[1.6450025816561196, 0.0, 2.3006638850473591, 0.8032, 3.0]
[1.6621208039945436, 0.0, 2.5739312474721041, 0.8504, 7.0]
[1.6539129613867525, 0.0, 2.6661791981354783, 0.6764, 7.0]
[1.6544103632963947, 0.0, 2.6479035247823717, 0.7416, 7.0]
[1.6433109850359635, 0.0, 2.3338596738649828, 0.0348, 4.0]
[1.6461699634903186, 0.0, 2.5208379183987568, 0.936, 5.0]
[1.6574948215962353, 0.0, 2.178798505942404, 0.4856, 3.0]
[1.6614027846945461, 0.0, 2.6472698238409746, 0.59, 7.0]
[1.6441396484720907, 0.0, 2.6846823428089754, 0.972, 7.0]
[1.6605776628667317, 0.0, 2.3880008754318589, 0.3548, 5.0]
[1.6510904516302127, 0.0, 2.2395224803355847, 0.5724, 3.0]
[1.6703492743016342, 0.0, 2.3329810257843597, 0.7444, 4.0]
[1.6469022880205535, 0.0, 2.7156248542438641, 0.8516, 10.0]
[1.6650463900358821, 0.0, 2.3961246355246777, 0.9156, 4.0]
[1.6532451365003351, 0.0, 2.6602823053368652, 0.8596, 7.0]
[1.6486728635820249, 0.0, 2.5274937659555912, 0.6584, 5.0]
[1.6654511858697729, 0.0, 2.2267449350606947, 0.2428, 3.0]
[1.6441419319662636, 0.0, 2.5633659180906974, 0.9704, 6.0]
[1.6562394626470893, 0.0, 2.5931709132661034, 0.8096, 9.0]
[1.6522878872589815, 0.0, 2.3902155534223235, 0.9948, 4.0]
[1.6661943747229815, 0.0, 2.3861001507477146, 0.3908, 5.0]
[1.6477899484144611, 0.0, 2.7101474646477262, 0.3716, 8.0]
[1.6580340774416289, 0.0, 2.5892648276623662, 0.9432, 6.0]
[1.643980780429142, 0.0, 2.4775662724112428, 0.9696, 6.0]
[1.6383311385118535, 0.0, 2.3086169958688205, 0.5216, 4.0]
[1.6584318972406979, 0.0, 2.2181297350734672, 0.1608, 3.0]