[1.6421722199727511, 0.0, 2.7839888959164414, 0.1444, 8.0]
[1.6581362735704754, 0.0, 2.4908958432883685, 0.5484, 6.0]
[1.6483676785169143, 0.0, 2.4002927489714629, 0.76, 5.0]
[1.6528257868699079, 0.0, 2.6026998193218889, 0.9736, 6.0]
[1.6478363332749173, 0.0, 2.4102365063638045, 0.8656, 4.0]
[1.641555724409659, 0.0, 2.3357809677737782, 0.1428, 4.0]
[1.6485435693046746, 0.0, 2.68590464377003, 0.4344, 7.0]
[1.6470021858165569, 0.0, 2.4633206501480149, 0.974, 5.0]
[1.6444189389967392, 0.0, 2.4847503642054378, 0.31, 5.0]
[1.6539710653457547, 0.0, 2.4624501481294372, 0.8284, 5.0]
[1.6560343058150906, 0.0, 2.2113645764429952, 0.34, 3.0]
[1.6455988500698522, 0.0, 2.2835952010430134, 0.5768, 3.0]
[1.6463203452802193, 0.0, 2.4870695421328568, 0.4684, 5.0]
[1.6607483084084274, 0.0, 2.4393450562574284, 0.8104, 5.0]
[1.6573430408623986, 0.0, 2.3884688011220936, 0.594, 4.0]
[1.6703460450838383, 0.0, 2.3892492795640643, 0.6284, 5.0]
[1.6540948802800939, 0.0, 2.3283987777758997, 0.3524, 4.0]
[1.6507680098167912, 0.0, 2.4675031378001799, 0.7824, 5.0]
[1.6441625446413386, 0.0, 2.7605665732900295, 0.85, 10.0]
[1.6528110692204234, 0.0, 2.5371575883714641, 0.3476, 6.0]
[1.6589853702235262, 0.0, 2.1666212337941628, 0.2556, 3.0]
[1.6452355542300774, 0.0, 2.5999882939410353, 0.8548, 7.0]
[1.6577472386549832, 0.0, 2.655056347011675, 0.9396, 7.0]
[1.6406883656170193, 0.0, 2.5218837333953585, 0.5396, 7.0]
[1.6411288562016368, 0.0, 2.3920902330802623, 0.108, 4.0]
[1.6641363597837808, 0.0, 2.6943614266455116, 0.5152, 14.0]
[1.6451247752502329, 0.0, 2.569117236568685, 0.7244, 7.0]
[1.657772199767181, 0.0, 2.3683480849534506, 0.316, 5.0]
[1.6507449266841376, 0.0, 2.20475240115496, 0.2788, 3.0]
[1.6521581759057589, 0.0, 2.4132022048911947, 0.6684, 4.0]
[1.6516850419363069, 0.0, 2.6850356663103616, 0.9728, 10.0]
[1.6530129122732897, 0.0, 2.5411184334928558, 0.534, 6.0]
[1.6507786942389715, 0.0, 2.4604653350008752, 0.75, 5.0]
[1.6445017726756506, 0.0, 2.7044184029374359, 0.8104, 7.0]
[1.6632122748444242, 0.0, 2.5285747668189735, 0.654, 6.0]
[1.6490015494250811, 0.0, 2.2687934344173009, 0.484, 3.0]
[1.6558557943491516, 0.0, 2.7822661151996453, 0.096, 8.0]
[1.6457772268152349, 0.0, 2.6143023928534479, 0.156, 6.0]
[1.6583769478826829, 0.0, 2.3225029463113209, 0.4164, 4.0]
[1.6499024445856154, 0.0, 2.3471994009654837, 0.544, 4.0]
[1.6537484561522262, 0.0, 2.3989156793759179, 0.8024, 4.0]
[1.6471851941443527, 0.0, 2.4350339303702917, 0.7904, 4.0]
[1.6446434594160326, 0.0, 2.325870731966778, 0.2468, 4.0]
[1.6597913157911424, 0.0, 2.2015865367924659, 0.2908, 3.0]
[1.6500355938392757, 0.0, 2.2384517840688503, 0.6032, 3.0]
[1.6712805640386847, 0.0, 2.4036536368699801, 0.7628, 5.0]
[1.6534687224031959, 0.0, 2.5319507754877053, 0.7708, 5.0]
[1.6436160302764105, 0.0, 2.6716578728044418, 0.732, 6.0]