[1.5854487721687438, 0.0, 2.6293389548264319, 0.0104, 9.0]
[1.5848173277324429, 0.0, 2.486437920857993, 0.7808, 7.0]
[1.5887126914185619, 0.0, 2.2400363707887405, 0.1988, 4.0]
[1.5777100343219075, 0.0, 2.6885388673362232, 0.6564, 11.0]
[1.5851126826070507, 0.0, 2.5619431944779398, 0.9272, 8.0]
[1.5898387485179386, 0.0, 2.7136117364294927, 0.7352, 11.0]
[1.5874608247230877, 0.0, 2.4642237627002359, 0.6396, 6.0]
[1.5886163331254703, 0.0, 2.5782175967231025, 0.8552, 8.0]
[1.5882438422838376, 0.0, 2.3435030384065261, 0.266, 5.0]
[1.591844772550298, 0.0, 2.606420962165847, 0.4376, 10.0]
[1.5915370633815749, 0.0, 2.6087737365578167, 0.9092, 16.0]
[1.5889003174968184, 0.0, 2.5186849614022124, 0.3132, 8.0]
[1.5942176660317495, 0.0, 2.4083761660022054, 0.2164, 6.0]
[1.594917334350666, 0.0, 2.4087546231983188, 0.4936, 6.0]
[1.5827631432338429, 0.0, 2.4855091496950124, 0.4596, 6.0]
[1.5784795030537615, 0.0, 2.4618445423777784, 0.076, 6.0]
[1.5835697408271976, 0.0, 2.3377374261859742, 0.4128, 5.0]
[1.5891164653895946, 0.0, 2.5355850730288498, 0.9164, 9.0]
[1.5907971880121443, 0.0, 2.35409457405434, 0.2484, 5.0]
[1.5934229422629396, 0.0, 2.5392239269889574, 0.8328, 8.0]
[1.584269452454083, 0.0, 2.4490960962178789, 0.5976, 7.0]
[1.5949834294442913, 0.0, 2.5090280472727735, 0.6248, 8.0]
[1.5930334791821357, 0.0, 2.6758348477684426, 0.5532, 11.0]
[1.5943289494006829, 0.0, 2.5295527591611977, 0.8996, 7.0]
[1.5988967807042727, 0.0, 2.4684018094622919, 0.2928, 6.0]
[1.5905179203452664, 0.0, 2.54151274658639, 0.4692, 8.0]
[1.5842201249170507, 0.0, 2.4016529061517673, 0.8792, 6.0]
[1.5879527816237018, 0.0, 2.217238127620405, 0.0148, 4.0]
[1.5861044254692138, 0.0, 2.3520487230050589, 0.4772, 5.0]
[1.5888520670919166, 0.0, 2.5770319666885202, 0.908, 8.0]
[1.5909452090365279, 0.0, 2.816802848955656, 0.4772, 12.0]
[1.5823939072068365, 0.0, 2.4224136184989362, 0.9376, 6.0]
[1.5816600035303396, 0.0, 2.3748821499332884, 0.8728, 5.0]
[1.5999680836259418, 0.0, 2.7742500896550859, 0.6132, 16.0]
[1.5864183061153632, 0.0, 2.5777177691089905, 0.8296, 8.0]
[1.5948370097106206, 0.0, 2.404506484507916, 0.1984, 6.0]
[1.5816167448280751, 0.0, 2.36339536956369, 0.1824, 5.0]
[1.5880681899101301, 0.0, 2.4846890579481995, 0.5752, 7.0]
[1.5893364700884056, 0.0, 2.5331610800820772, 0.26, 7.0]
[1.5799066923631964, 0.0, 2.4884099961179844, 0.4272, 7.0]
[1.5948624514970902, 0.0, 3.008255163399268, 0.3936, 16.0]
[1.584873881876018, 0.0, 2.5092440129616795, 0.508, 8.0]
[1.5852883616366544, 0.0, 2.3909217485898355, 0.7964, 6.0]
[1.5883216075578261, 0.0, 2.4056399631662329, 0.0984, 5.0]
[1.5908455846807055, 0.0, 2.1939150367097571, 0.172, 4.0]
[1.59009929111777, 0.0, 2.771741064812387, 0.9796, 13.0]
[1.5932537364532058, 0.0, 2.1200736754829479, 0.1772, 3.0]
[1.5904132387050702, 0.0, 2.5971398311276266, 0.8468, 10.0]