[1.5877024940354114, 0.0, 2.5220248814236919, 0.9284, 7.0]
[1.5925634164814415, 0.0, 2.6427678610701899, 0.7624, 11.0]
[1.5963559554888649, 0.0, 2.8249440018000569, 0.7556, 15.0]
[1.5775262306515196, 0.0, 2.7878740711328596, 0.1564, 9.0]
[1.5937350219130026, 0.0, 2.4195358309932873, 0.3024, 5.0]
[1.5963829567967167, 0.0, 2.2859856548102853, 0.0696, 4.0]
[1.5975686782606813, 0.0, 2.7661449820407915, 0.6792, 12.0]
[1.5898271531121289, 0.0, 2.2182075375366734, 0.028, 4.0]
[1.5939773205969505, 0.0, 2.4315133142750645, 0.9132, 6.0]
[1.5875830100863926, 0.0, 2.3573449978881871, 0.6824, 6.0]
[1.5866199177159008, 0.0, 2.3712202598750429, 0.4772, 6.0]
[1.5929902845913042, 0.0, 2.4338155254327534, 0.944, 7.0]
[1.5973424527901563, 0.0, 2.4237411150895172, 0.4868, 7.0]
[1.5911397078743774, 0.0, 2.5960070076115933, 0.6704, 9.0]
[1.5784747230967242, 0.0, 2.8012931337711331, 0.5884, 11.0]
[1.5876578677066289, 0.0, 2.5704960861416595, 0.9876, 9.0]
[1.5847748682655689, 0.0, 2.5683545916596673, 0.7932, 8.0]
[1.5861909229987212, 0.0, 2.5869410334040448, 0.9604, 7.0]
[1.5851046267690418, 0.0, 2.3929685446119615, 0.378, 5.0]
[1.5975410402954502, 0.0, 2.5747421325420796, 0.8928, 10.0]
[1.5900928059815107, 0.0, 2.4075210973961609, 0.7944, 6.0]
[1.5861057661974733, 0.0, 2.6911792894358544, 0.4068, 9.0]
[1.5958458265957736, 0.0, 2.5543053039774639, 0.518, 8.0]
[1.5914065007735427, 0.0, 2.1205419785095874, 0.058, 3.0]
[1.5778298015692336, 0.0, 2.512618964984445, 0.3556, 6.0]
[1.5975441455408106, 0.0, 2.6031443667027951, 0.5764, 10.0]
[1.5962260665222445, 0.0, 2.377977183853055, 0.3008, 6.0]
[1.5876166240577483, 0.0, 2.2656232883117839, 0.3792, 4.0]
[1.5972033812948427, 0.0, 2.4545358059366849, 0.852, 6.0]
[1.5875238003032979, 0.0, 2.8517692936180596, 0.5988, 13.0]
[1.5871629228403599, 0.0, 2.5623531659307974, 0.3336, 9.0]
[1.594623616214097, 0.0, 2.5065024178750388, 0.686, 7.0]
[1.5849518710328359, 0.0, 2.356804109909004, 0.9576, 5.0]
[1.5813305712366659, 0.0, 2.6444348236860682, 0.7588, 9.0]
[1.5871376379850783, 0.0, 2.3503032796123016, 0.1324, 5.0]
[1.5820599249924945, 0.0, 2.302825319642074, 0.064, 4.0]
[1.5881515748314601, 0.0, 2.823081473794077, 0.8468, 14.0]
[1.5872588671015266, 0.0, 2.4783306985901001, 0.5932, 6.0]
[1.5934098294131183, 0.0, 2.3950468373354012, 0.2468, 6.0]
[1.5871451929423213, 0.0, 2.2413259482575985, 0.6736, 4.0]
[1.5859241392852756, 0.0, 2.3510496186519259, 0.41, 6.0]
[1.5844709129598644, 0.0, 2.6034865128327427, 0.9792, 8.0]
[1.5880112009721112, 0.0, 2.1075655712790224, 0.0292, 3.0]
[1.5871323119945182, 0.0, 2.4521924701168358, 0.222, 6.0]
[1.5880367425136914, 0.0, 2.4039539108839136, 0.4504, 6.0]
[1.5797380072873124, 0.0, 2.3920524620984525, 0.3468, 6.0]
[1.5885512485275208, 0.0, 2.2442596816050009, 0.1204, 4.0]
[1.5947861672863617, 0.0, 2.2510678262059045, 0.2188, 4.0]