[1.6524351707428684, 0.0, 2.4285107832011761, 0.9032, 5.0]
[1.6447835970126761, 0.0, 2.3058288013246537, 0.8176, 3.0]
[1.657806559119416, 0.0, 2.6101462272530433, 0.8232, 7.0]
[1.651893892005087, 0.0, 2.2469535937892671, 0.1628, 3.0]
[1.661476714586704, 0.0, 2.4190673301154764, 0.878, 4.0]
[1.6578326015859246, 0.0, 2.8130255043885524, 0.1944, 9.0]
[1.6470940980932465, 0.0, 2.5535255417510094, 0.4844, 7.0]
[1.6457959053168758, 0.0, 2.676301498922145, 0.8328, 7.0]
[1.6607069492723656, 0.0, 2.3237868480802879, 0.5072, 4.0]
[1.6709280856336199, 0.0, 2.3395971304686043, 0.5736, 4.0]
[1.6445354607331639, 0.0, 2.5655616318494765, 0.8708, 7.0]
[1.6592877014728824, 0.0, 2.4142238070434527, 0.3548, 5.0]
[1.6459562334646696, 0.0, 2.6915032902948997, 0.9372, 10.0]
[1.6492795142196828, 0.0, 2.453964314833788, 0.5776, 4.0]
[1.6556572297869385, 0.0, 2.2064064688198743, 0.3156, 3.0]
[1.6500502377366335, 0.0, 2.3699015463213495, 0.69, 4.0]
[1.6544791872661075, 0.0, 2.7804637713893885, 0.7088, 12.0]
[1.6450697634099578, 0.0, 2.4012559408681602, 0.9324, 4.0]
[1.6548997789684674, 0.0, 2.165529657217264, 0.0448, 3.0]
[1.6591946510847375, 0.0, 2.6739664754110004, 0.8472, 7.0]
[1.6532915201424407, 0.0, 2.3846554166543421, 0.4052, 4.0]
[1.6574571876501252, 0.0, 2.0331511354750758, 0.1384, 2.0]
[1.6462872773934765, 0.0, 2.6887337057745642, 0.8424, 7.0]
[1.6536553529846008, 0.0, 2.3019948706199758, 0.4652, 4.0]
[1.6430898365346946, 0.0, 2.2458682856659689, 0.552, 3.0]
[1.6530501936742237, 0.0, 2.5791658496894647, 0.6896, 7.0]
[1.6561240180856371, 0.0, 2.582692463226413, 0.64, 7.0]
[1.6499601545644593, 0.0, 2.3313976089563022, 0.5408, 4.0]
[1.6523261885742877, 0.0, 2.3575893339117138, 0.8548, 4.0]
[1.6605202339989764, 0.0, 2.4448414114408727, 0.8624, 5.0]
[1.655741732625009, 0.0, 2.3944762757688078, 0.9936, 4.0]
[1.6437742369158088, 0.0, 2.3525569591501014, 0.2748, 4.0]
[1.6395202095878352, 0.0, 2.5112665415418665, 0.7944, 5.0]
[1.6479985902064855, 0.0, 2.5940888806330449, 0.892, 6.0]
[1.6519892866174102, 0.0, 2.2086384956645753, 0.888, 3.0]
[1.6420993121233955, 0.0, 2.0184986564362735, 0.0756, 2.0]
[1.6490675595131044, 0.0, 2.4718184300471471, 0.292, 5.0]
[1.657620552755974, 0.0, 2.4521716004936236, 0.7384, 5.0]
[1.6526045623238232, 0.0, 2.2224887491955645, 0.7788, 3.0]
[1.6465750376560822, 0.0, 2.3368857659139746, 0.2928, 4.0]
[1.6662152983025786, 0.0, 2.415662922132217, 0.8472, 5.0]
[1.6435935636197665, 0.0, 2.5753290376782996, 0.8988, 6.0]
[1.6487172306671323, 0.0, 2.3241549792717686, 0.5032, 4.0]
[1.6564216620915653, 0.0, 2.2049433117495898, 0.4756, 3.0]
[1.6444746807773523, 0.0, 2.6146061849924029, 0.7252, 6.0]
[1.6371337065779596, 0.0, 2.425033766224975, 0.1876, 5.0]
[1.6548342439200618, 0.0, 2.5273100227631558, 0.8224, 6.0]
[1.6630582760400219, 0.0, 2.6269017107185308, 0.3032, 7.0]