[1.6548348454245629, 0.0, 2.6215091868277147, 0.306, 6.0]
[1.6589703834452543, 0.0, 2.5360882879472584, 0.7736, 5.0]
[1.6605489848164305, 0.0, 2.5691881005133603, 0.9028, 6.0]
[1.641162916504987, 0.0, 2.5101773051559757, 0.7892, 5.0]
[1.6548596039322994, 0.0, 2.5029179386654548, 0.9864, 6.0]
[1.6359221083182831, 0.0, 2.8542822722807006, 0.8, 8.0]
[1.653752089895133, 0.0, 2.9320373142601599, 0.9552, 15.0]
[1.652196079800627, 0.0, 2.3902125981080249, 0.8864, 4.0]
[1.6490964437761866, 0.0, 2.4502627362060134, 0.7568, 5.0]
[1.6413665333231742, 0.0, 2.4978721326273634, 0.3604, 5.0]
[1.6472526623819039, 0.0, 2.4266876695386213, 0.9952, 4.0]
[1.660434547008719, 0.0, 2.2179606289639562, 0.6412, 3.0]
[1.6592958017073642, 0.0, 2.7742254390774175, 0.964, 7.0]
[1.6666201952477202, 0.0, 2.4286339911478434, 0.8328, 5.0]
[1.6481849133253514, 0.0, 2.3552719694639785, 0.232, 4.0]
[1.6452655649046342, 0.0, 2.6377622467147686, 0.4804, 6.0]
[1.665790631632829, 0.0, 2.706073381425921, 0.7516, 8.0]
[1.6605376784986619, 0.0, 2.4461266461724414, 0.88, 5.0]
[1.6518076170853147, 0.0, 2.2172187990181351, 0.6956, 3.0]
[1.6515822590369058, 0.0, 2.1646446516396987, 0.2864, 3.0]
[1.6562364949291422, 0.0, 2.466336887168751, 0.488, 4.0]
[1.657729188189665, 0.0, 2.4969568957314943, 0.9016, 6.0]
[1.6497932785156446, 0.0, 2.6670114459443042, 0.978, 8.0]
[1.6500847069491646, 0.0, 2.300383309518538, 0.6524, 3.0]
[1.6534686067428208, 0.0, 2.7261739027046938, 0.9988, 8.0]
[1.6489358743331211, 0.0, 2.4066365410211148, 0.846, 4.0]
[1.6436109947858606, 0.0, 2.6349182336548145, 0.9968, 6.0]
[1.6514314896121707, 0.0, 2.5787402816042024, 0.632, 6.0]
[1.6569962174505881, 0.0, 2.7679847422773847, 0.9612, 10.0]
[1.6601674742399202, 0.0, 2.2560604966990252, 0.4852, 3.0]
[1.6635049361479513, 0.0, 2.3414728955713073, 0.3172, 4.0]
[1.6470896783585163, 0.0, 2.8158494907777287, 0.4568, 9.0]
[1.6557326432410151, 0.0, 2.0326393592225021, 0.2972, 2.0]
[1.6649067439892518, 0.0, 2.262547388901365, 0.9616, 3.0]
[1.6563964620391696, 0.0, 2.4589660328302561, 0.9264, 5.0]
[1.6484493066063517, 0.0, 2.8441534628604908, 0.6432, 8.0]
[1.655079963048657, 0.0, 2.4585269378304813, 0.9864, 6.0]
[1.6445538547931733, 0.0, 2.5898385648932827, 0.7728, 7.0]
[1.6627681402366556, 0.0, 2.4776542216242423, 0.8928, 6.0]
[1.6516118525376799, 0.0, 2.3671773269044438, 0.3204, 4.0]
[1.6288115816024078, 0.0, 2.2159800193635921, 0.2392, 3.0]
[1.6552591529674956, 0.0, 2.2095452541804073, 0.4516, 3.0]
[1.666047490230548, 0.0, 2.5395094118092887, 0.7932, 6.0]
[1.6480498561297199, 0.0, 2.5361116588678447, 0.4176, 6.0]
[1.6557482701461868, 0.0, 2.2086460409764772, 0.4528, 3.0]
[1.6587992268717846, 0.0, 2.6114320395451536, 0.43, 8.0]
[1.6587486614268836, 0.0, 2.4644138479341757, 0.8836, 6.0]
[1.6446176799454388, 0.0, 2.4498071804363604, 0.6464, 4.0]