[1.6458165826252842, 0.0, 2.4986368722265961, 0.9336, 5.0]
[1.6484385991306432, 0.0, 2.3109336750043354, 0.3336, 4.0]
[1.6476117043100862, 0.0, 2.3833673739226335, 0.7068, 5.0]
[1.6596349524784366, 0.0, 2.7668557618445204, 0.736, 10.0]
[1.6544137211678624, 0.0, 2.462765625982958, 0.9936, 5.0]
[1.6536170530610188, 0.0, 2.4059527587083114, 0.6044, 6.0]
[1.6479819314805888, 0.0, 2.203742886543778, 0.0244, 3.0]
[1.6439456599469682, 0.0, 2.512374361545318, 0.9156, 5.0]
[1.6544252489473492, 0.0, 2.8407131203956055, 0.5404, 8.0]
[1.6422539938632883, 0.0, 2.5956067760384629, 0.9856, 6.0]
[1.6473589003314129, 0.0, 2.380743962193371, 0.7016, 4.0]
[1.6663955242240922, 0.0, 2.5207290991217688, 0.7304, 6.0]
[1.6566534587470274, 0.0, 2.5020741848082464, 0.6528, 5.0]
[1.6601021481562617, 0.0, 1.9963316371388804, 0.0304, 2.0]
[1.6580348712273678, 0.0, 2.2515773787868159, 0.7392, 3.0]
[1.6710865899777883, 0.0004, 2.171699744760625, 0.6528, 3.0]
[1.6462055153010953, 0.0, 2.5608113563114832, 0.9488, 6.0]
[1.6577707216300523, 0.0, 2.5232461335618126, 0.962, 5.0]
[1.6517391400507437, 0.0, 2.6722041531783334, 0.9424, 7.0]
[1.644603669482454, 0.0, 2.7794508815902237, 0.9992, 8.0]
[1.655028997324743, 0.0, 2.4808797840441192, 0.4132, 5.0]
[1.6538264173885158, 0.0, 2.4791417060411858, 0.8088, 5.0]
[1.6548283177045475, 0.0, 2.211426384627913, 0.5088, 3.0]
[1.6598888272401686, 0.0, 2.0022209399223994, 0.0036, 2.0]
[1.6567425076805586, 0.0, 2.3226706416259963, 0.8736, 4.0]
[1.6523978464290361, 0.0, 2.7116502506133804, 0.934, 8.0]
[1.6582023201594707, 0.0, 2.6652115313486591, 0.7064, 10.0]
[1.6585950152665752, 0.0, 2.250549167162033, 0.592, 3.0]
[1.6576168800115947, 0.0, 2.3047288937741683, 0.8636, 4.0]
[1.6572724586877898, 0.0, 2.0027875927487289, 0.0472, 2.0]
[1.6425790875365913, 0.0, 2.4215552972030188, 0.906, 4.0]
[1.6532978710642707, 0.0, 2.5793529949332745, 0.782, 7.0]
[1.6500285375662851, 0.0, 2.6334326129111529, 0.6448, 10.0]
[1.6532799339483706, 0.0, 2.528414743014638, 0.442, 6.0]
[1.6511714050583817, 0.0, 2.582981868237157, 0.78, 7.0]
[1.6471026896639431, 0.0, 2.5682287303097917, 0.9112, 6.0]
[1.6598642824742651, 0.0, 2.6929602958352215, 0.9684, 9.0]
[1.6645699549040709, 0.0, 2.1770419726346262, 0.5536, 3.0]
[1.6537812398264577, 0.0, 2.5387812783057799, 0.7592, 7.0]
[1.6463765076109742, 0.0, 2.6586103848949394, 0.7804, 8.0]
[1.6461268450787541, 0.0, 2.3946947484204095, 0.8828, 4.0]
[1.6493768451778328, 0.0, 2.4561707877115841, 0.428, 5.0]
[1.6382021951510797, 0.0, 2.4689385774374206, 0.9872, 5.0]
[1.6552484937364804, 0.0, 2.5589352228942226, 0.6756, 7.0]
[1.6596494731222169, 0.0, 2.029896208563998, 0.0992, 2.0]
[1.6475790542838396, 0.0, 2.5552220879622229, 0.8588, 6.0]
[1.6466113016247381, 0.0, 2.6507111724233337, 0.9132, 8.0]
[1.6683859856916492, 0.0, 2.2085524325365649, 0.4508, 3.0]