[1.5942670420758187, 0.0, 2.3356247211655976, 0.1324, 5.0]
[1.5952801575600573, 0.0, 2.5395277584236746, 0.8344, 7.0]
[1.5869175432110936, 0.0, 2.1269613416420219, 0.158, 3.0]
[1.5860908702841969, 0.0, 2.4074640092962896, 0.1508, 6.0]
[1.5840300926614201, 0.0, 2.4294063530836798, 0.4736, 6.0]
[1.5852219426643304, 0.0, 2.2138612318383712, 0.0508, 4.0]
[1.5826055235544958, 0.0, 2.6702377137446303, 0.7288, 13.0]
[1.5968498026563835, 0.0, 2.5154654019966101, 0.198, 8.0]
[1.5888180120863127, 0.0, 2.6100386641589099, 0.6528, 12.0]
[1.5958747647059104, 0.0, 2.4872407867791133, 0.6872, 7.0]
[1.5915439397580105, 0.0, 2.4883173188832375, 0.9824, 7.0]
[1.5903551851813298, 0.0, 2.2364553479229965, 0.3596, 4.0]
[1.5798313083260269, 0.0, 2.3592226901624889, 0.3688, 5.0]
[1.5971272012943249, 0.0, 2.2886118068855259, 0.1016, 5.0]
[1.5908261264935337, 0.0, 2.7180693982550568, 0.6536, 11.0]
[1.5977866081240073, 0.0, 2.4617023561582716, 0.4468, 6.0]
[1.5961737718384827, 0.0, 2.4793732549846768, 0.9756, 7.0]
[1.600034794623745, 0.0, 2.361953812222966, 0.0556, 5.0]
[1.590992884526667, 0.0, 2.5582613435001194, 0.9908, 9.0]
[1.5893537905431541, 0.0, 3.2334225336356521, 0.5952, 33.0]
[1.5882466398284194, 0.0, 2.514092930246985, 0.0604, 8.0]
[1.5871828094496969, 0.0, 2.559513292567769, 0.6384, 9.0]
[1.5901508090647649, 0.0, 2.7479185990532851, 0.6592, 16.0]
[1.5928273376158606, 0.0, 2.5550233188177529, 0.8084, 8.0]
[1.5813982061378433, 0.0, 2.5595832450193257, 0.6792, 9.0]
[1.5830856505262627, 0.0, 2.3455029205880935, 0.1856, 5.0]
[1.5884556566927555, 0.0, 2.7438132427015507, 0.6292, 13.0]
[1.5871601392790067, 0.0, 2.4203215708523684, 0.0856, 6.0]
[1.5829261739153875, 0.0, 2.6310910264587815, 0.4968, 9.0]
[1.5842629957852787, 0.0, 2.5986187193921744, 0.9016, 9.0]
[1.5861822804062744, 0.0, 2.3331268122835747, 0.0384, 5.0]
[1.5851596500582086, 0.0, 2.4614936433729202, 0.4708, 6.0]
[1.5869455817120259, 0.0, 2.4658025492577766, 0.256, 7.0]
[1.5895549485659139, 0.0, 2.3872262952118568, 0.7572, 6.0]
[1.5876914151536847, 0.0, 2.4596139905760355, 0.546, 6.0]
[1.5901836868355641, 0.0, 2.5540967298971307, 0.7308, 11.0]
[1.5872329957106166, 0.0, 2.339893740631382, 0.1068, 5.0]
[1.5863900270099978, 0.0, 2.4816001345762335, 0.9156, 7.0]
[1.5915238590250389, 0.0, 2.2094481466511953, 0.108, 4.0]
[1.586002293209964, 0.0, 2.5348740045086506, 0.7536, 7.0]
[1.5795195136121314, 0.0, 2.5498300054099317, 0.9296, 7.0]
[1.5896472773801484, 0.0, 2.504516114135253, 0.712, 6.0]
[1.5850889042809568, 0.0, 2.7473732678565059, 0.7496, 12.0]
[1.592180918609245, 0.0, 2.2617590530249694, 0.4996, 4.0]
[1.5915567621690916, 0.0, 2.2003904385640869, 0.0188, 4.0]
[1.5864082451183918, 0.0, 2.2611847277271098, 0.5724, 4.0]
[1.5986347917681005, 0.0, 2.5092108568862863, 0.4944, 7.0]
[1.5846126439349637, 0.0, 2.5900897051918412, 0.9988, 8.0]