[1.5899681433378867, 0.0, 2.601194835444864, 0.8908, 7.0]
[1.5996381895393466, 0.0, 2.4804845860682621, 0.9936, 7.0]
[1.6036102504143757, 0.0, 2.5613051473603266, 0.9836, 8.0]
[1.59613935922469, 0.0, 2.6897826440459349, 0.6236, 12.0]
[1.5963373295882679, 0.0, 2.5513971059190248, 0.2196, 9.0]
[1.59222128372567, 0.0, 2.2246464088583076, 0.0684, 4.0]
[1.5950493621677668, 0.0, 2.5885043477266292, 0.8244, 8.0]
[1.594452911160499, 0.0, 2.5972885581031511, 0.1744, 9.0]
[1.597323174917366, 0.0, 2.7092684776972922, 0.8792, 13.0]
[1.5937505031890966, 0.0, 2.5124469600621784, 0.8544, 7.0]
[1.5945786088322005, 0.0, 2.5329566545365285, 0.394, 7.0]
[1.6000710518565728, 0.0, 2.6628122274692716, 0.4344, 9.0]
[1.5893800038359767, 0.0, 2.4656534988706671, 0.0632, 6.0]
[1.5904355819739751, 0.0, 2.7522718228576224, 0.4316, 12.0]
[1.5817484568997515, 0.0, 2.4707504117825132, 0.974, 6.0]
[1.5885161929740246, 0.0, 2.4727219261597799, 0.9816, 8.0]
[1.5967272904154015, 0.0, 2.4747761487270807, 0.9804, 7.0]
[1.5828997846860005, 0.0, 2.532697262219612, 0.9628, 7.0]
[1.6012639993044422, 0.0, 2.3689642058860736, 0.5276, 6.0]
[1.5991677420490036, 0.0, 2.4787737949061621, 0.5288, 7.0]
[1.6009889162026991, 0.0, 2.6431431590321641, 0.812, 10.0]
[1.5868866604191765, 0.0, 2.6336811232818218, 0.5896, 8.0]
[1.5869290727368668, 0.0, 2.6928600683832213, 0.994, 10.0]
[1.597801076629406, 0.0, 2.8286378156981522, 0.7888, 12.0]
[1.5896728138527556, 0.0, 2.6313470502855676, 0.7468, 10.0]
[1.5922653009938608, 0.0, 2.6437983868135118, 0.9612, 8.0]
[1.5819894809431432, 0.0, 2.625520594066304, 0.8392, 8.0]
[1.5951105982200975, 0.0, 2.7144540870768896, 0.828, 15.0]
[1.5790882943816953, 0.0, 2.4002755972998324, 0.744, 5.0]
[1.5992486023219912, 0.0, 2.4817300943822493, 0.506, 7.0]
[1.5950610339643103, 0.0, 2.5005439629711157, 0.4876, 7.0]
[1.5917016962194634, 0.0, 2.4888994710453796, 0.416, 6.0]
[1.5815868370958559, 0.0, 2.6087702964745567, 0.5164, 9.0]
[1.5997229097793761, 0.0, 2.361043929909505, 0.3172, 5.0]
[1.5917557672609819, 0.0, 2.3561147166482348, 0.6368, 5.0]
[1.5889188981872413, 0.0, 2.3637548636620584, 0.65, 5.0]
[1.5927583424102796, 0.0, 2.5409446331416694, 0.8196, 10.0]
[1.5998630761248616, 0.0, 2.2137015422483151, 0.072, 4.0]
[1.5864303552632713, 0.0, 2.5403282659799311, 0.5788, 10.0]
[1.5831282893726975, 0.0, 2.4279132335934044, 0.5392, 6.0]
[1.6025822596885138, 0.0, 2.3436177495934745, 0.6732, 5.0]
[1.5958809400356748, 0.0, 2.3375263557287029, 0.6532, 5.0]
[1.5984121662512485, 0.0, 2.4858265829820594, 0.2036, 7.0]
[1.5933007529813592, 0.0, 2.3444989151879776, 0.3916, 5.0]
[1.5887173117408018, 0.0, 2.4621275872988235, 0.5888, 6.0]
[1.5811323784599733, 0.0, 2.3857328705411609, 0.7452, 5.0]
[1.5858499739465941, 0.0, 2.6596103051439863, 0.7556, 9.0]
[1.5882620206444056, 0.0, 2.4807863447800904, 0.0964, 7.0]