[1.6462096796408825, 0.0, 2.6402763336989015, 0.88, 7.0]
[1.6496859783580204, 0.0, 2.5058513221653795, 0.4468, 5.0]
[1.6491393053934442, 0.0, 2.3083412276160624, 0.2772, 4.0]
[1.6505286035098377, 0.0, 2.2111298433822579, 0.146, 3.0]
[1.6588720470967924, 0.0, 2.4360154126895885, 0.8792, 4.0]
[1.6631612730274083, 0.0, 2.3921682326054867, 0.7852, 4.0]
[1.6636865515350099, 0.0, 2.0390627800982157, 0.4124, 2.0]
[1.6553414292423887, 0.0, 2.3372424042297997, 0.5864, 4.0]
[1.6501098114631128, 0.0, 2.9140357646997956, 0.602, 11.0]
[1.6531565520994957, 0.0, 2.669779893363776, 0.1956, 7.0]
[1.6527602821344471, 0.0, 2.3233362098288701, 0.8564, 4.0]
[1.6597694986598706, 0.0, 2.0094851658763346, 0.4196, 2.0]
[1.6595005494352306, 0.0, 2.3802864476372854, 0.506, 4.0]
[1.6455609150749098, 0.0, 2.3720090894562089, 0.126, 4.0]
[1.6450411185563587, 0.0, 2.4976882412204682, 0.5852, 8.0]
[1.6488581955241388, 0.0, 2.3433029630629267, 0.8672, 4.0]
[1.6449063673285607, 0.0, 2.442743640830531, 0.3508, 5.0]
[1.6404625962161203, 0.0, 2.3428264745439447, 0.8232, 4.0]
[1.6441314706362973, 0.0, 2.8457009886657589, 0.3316, 8.0]
[1.6569084175900088, 0.0, 2.6334413619969692, 0.6768, 7.0]
[1.6534256231160809, 0.0, 2.3022510208783098, 0.1964, 4.0]
[1.6426447114771965, 0.0, 2.6053016726712377, 0.6448, 6.0]
[1.6633537464395618, 0.0, 2.2931310785846719, 0.6036, 4.0]
[1.656601406971425, 0.0, 2.4664003879501526, 0.358, 5.0]
[1.6649636293609946, 0.0, 2.5229769772289279, 0.7604, 6.0]
[1.6544141278785425, 0.0, 2.4255616764537575, 0.9532, 5.0]
[1.6580389928713579, 0.0, 2.5525705710994235, 0.2012, 6.0]
[1.6416242991667556, 0.0, 2.3571405130590892, 0.9032, 4.0]
[1.6529604235256392, 0.0, 2.6078234282052506, 0.742, 7.0]
[1.6472584954271201, 0.0, 2.016111081964354, 0.0828, 2.0]
[1.6631555290543982, 0.0, 2.6714816250379014, 0.9856, 7.0]
[1.6482392191004325, 0.0, 2.3602545742228376, 0.902, 4.0]
[1.6493608357364109, 0.0, 2.4440000290545543, 0.2692, 5.0]
[1.6649054567136528, 0.0, 2.2396875056308581, 0.6408, 3.0]
[1.6641517732337281, 0.0, 2.3791455998158844, 0.9532, 4.0]
[1.6456379550409088, 0.0, 2.6759202393429264, 0.914, 8.0]
[1.6469452635711748, 0.0, 2.7017351318058829, 0.8896, 7.0]
[1.6485107110358324, 0.0, 2.5014239473677402, 0.9316, 5.0]
[1.6483904316576621, 0.0, 2.6747427283867422, 0.4936, 9.0]
[1.6338410266584498, 0.0, 2.4686881191719259, 0.7908, 5.0]
[1.6418402000025334, 0.0, 2.4837477913715373, 0.6552, 5.0]
[1.6598891879399571, 0.0, 2.7240029193284592, 0.6996, 7.0]
[1.6564167826337342, 0.0, 2.4472789083520201, 0.834, 5.0]
[1.6626899963482233, 0.0, 2.3979448349231767, 0.6528, 5.0]
[1.6540436817942377, 0.0, 2.6420484475152817, 0.3752, 7.0]
[1.6483088402869699, 0.0, 2.2285091987664458, 0.3144, 3.0]
[1.6470328079143295, 0.0, 2.6587554286854651, 0.774, 9.0]
[1.6606694210691817, 0.0, 2.5314900861538998, 0.852, 6.0]