[1.5927684257946599, 0.0, 2.4837802489832521, 0.346, 6.0]
[1.5940690102341151, 0.0, 2.2413241549149774, 0.4176, 4.0]
[1.5865676976758982, 0.0, 2.3565986133546333, 0.7224, 5.0]
[1.5890875834252698, 0.0, 2.3540625057558593, 0.5196, 5.0]
[1.5762320971045793, 0.0, 2.3526695139651741, 0.264, 5.0]
[1.5948246698487021, 0.0, 2.6066020382420723, 0.9752, 11.0]
[1.5872289714677827, 0.0, 2.498352690947538, 0.732, 7.0]
[1.5885088297974255, 0.0, 2.6585752369448485, 0.774, 15.0]
[1.5986606254932685, 0.0, 2.2344363951954129, 0.2012, 4.0]
[1.5947319551258228, 0.0, 2.5031206035742715, 0.5536, 6.0]
[1.5952572462587862, 0.0, 2.1783318158768337, 0.0348, 4.0]
[1.6047576931582781, 0.0, 2.2883121396478705, 0.6, 5.0]
[1.591041749665417, 0.0, 2.5524957684316059, 0.5512, 8.0]
[1.592915664870068, 0.0, 2.634491303405496, 0.9164, 10.0]
[1.5895492755445244, 0.0, 2.5730447360048272, 0.402, 9.0]
[1.5908830003537466, 0.0, 2.3428244316009454, 0.3816, 5.0]
[1.5963846610753665, 0.0, 2.4593910347100492, 0.9832, 6.0]
[1.5939511339079795, 0.0, 2.5161937775150207, 0.9176, 8.0]
[1.5923994909942862, 0.0, 2.3614325242683032, 0.1464, 6.0]
[1.5848300918864484, 0.0, 2.5151754359253564, 0.6068, 7.0]
[1.5958750515118216, 0.0, 2.3398730561620855, 0.8004, 6.0]
[1.5977617960504453, 0.0, 2.2158995916910751, 0.1108, 4.0]
[1.598225739627622, 0.0, 2.5105653898631726, 0.256, 8.0]
[1.5818217413708346, 0.0, 2.612435371651026, 0.7332, 9.0]
[1.5886857244215471, 0.0, 2.2224913994020685, 0.0576, 4.0]
[1.5837949247374867, 0.0, 2.4896425091338541, 0.7528, 8.0]
[1.5918898938843697, 0.0, 2.3627181925231189, 0.2672, 5.0]
[1.5937223901787032, 0.0, 2.5810539941846877, 0.9168, 8.0]
[1.58535039246599, 0.0, 2.9498920730715987, 0.198, 15.0]
[1.5891340949106723, 0.0, 2.386769389519543, 0.4928, 6.0]
[1.5941030533726737, 0.0, 2.3049086603180875, 0.028, 5.0]
[1.5867163180524297, 0.0, 2.4626366665364836, 0.8704, 6.0]
[1.5911403797947501, 0.0, 2.4962898577214956, 0.1084, 7.0]
[1.5869675631240048, 0.0, 2.6640761425931854, 0.97, 10.0]
[1.5901899568014888, 0.0, 2.681271928326634, 0.2396, 9.0]
[1.5860977255800737, 0.0, 2.8384236953666879, 0.5256, 15.0]
[1.5865460352690886, 0.0, 2.4336840204762593, 0.6808, 6.0]
[1.5858887716885581, 0.0, 2.4515021023616916, 0.522, 6.0]
[1.5897437517019686, 0.0, 2.5276049346285943, 0.8176, 7.0]
[1.5837120889367977, 0.0, 2.6809246163063958, 0.9108, 11.0]
[1.5829750436695482, 0.0, 2.4720560573456303, 0.9228, 6.0]
[1.5909734668272011, 0.0, 2.3166210230566762, 0.412, 5.0]
[1.5969459807484123, 0.0, 2.3556721085020498, 0.4656, 5.0]
[1.5989851224983296, 0.0, 2.4622205112366027, 0.7, 7.0]
[1.5952364356199542, 0.0, 2.4079429444537359, 0.258, 6.0]
[1.593629980987473, 0.0, 2.620127113341582, 0.4224, 10.0]
[1.5843154019110703, 0.0, 2.4575680876921115, 0.374, 7.0]
[1.5949780467539214, 0.0, 2.4642940905720403, 0.6408, 8.0]