[1.5988396524321029, 0.0, 2.3749823636674847, 0.326, 6.0]
[1.5965628391232265, 0.0, 2.3395100204587784, 0.4752, 5.0]
[1.5940515525573224, 0.0, 2.6465051184851829, 0.8188, 9.0]
[1.5823584254420364, 0.0, 2.6225787105485829, 0.8104, 9.0]
[1.5850626232454665, 0.0, 2.4877531189872415, 0.9304, 6.0]
[1.6032869177398332, 0.0, 2.8489054740514135, 0.8756, 14.0]
[1.5886551344688726, 0.0, 2.6591689010599646, 0.0068, 8.0]
[1.5952601491461902, 0.0, 2.5522861649252935, 0.2212, 8.0]
[1.5850215158449004, 0.0, 2.4943395817693697, 0.4792, 8.0]
[1.5907308268445317, 0.0, 2.5516096887941, 0.694, 8.0]
[1.5917760434139137, 0.0, 2.9820261917669644, 0.4044, 18.0]
[1.5954817808908617, 0.0, 2.5047589368368595, 0.3412, 8.0]
[1.5908326771923011, 0.0, 2.6416759298220978, 0.5544, 9.0]
[1.6043434265967296, 0.0, 2.2219061814786381, 0.4512, 4.0]
[1.5860400429477446, 0.0, 2.581918846415542, 0.4264, 7.0]
[1.5917724617051228, 0.0, 2.4599332567059475, 0.6688, 6.0]
[1.5844748636914385, 0.0, 2.6332096907526035, 0.3712, 9.0]
[1.5818088175742271, 0.0, 2.4160922534254681, 0.2824, 6.0]
[1.592187239924876, 0.0, 2.5330202474623515, 0.9308, 10.0]
[1.5918887444055341, 0.0, 2.482958791637321, 0.7224, 8.0]
[1.5887732231430864, 0.0, 2.3383284729254701, 0.2868, 5.0]
[1.5734955315124899, 0.0, 2.6777243908203392, 0.7144, 9.0]
[1.5907201531339599, 0.0, 2.6437298611109687, 0.442, 11.0]
[1.5962889322779032, 0.0, 2.1382100018574217, 0.0976, 3.0]
[1.5950655874485735, 0.0, 2.2726542618322143, 0.248, 4.0]
[1.5831058104888194, 0.0, 3.0271258667077943, 0.6244, 15.0]
[1.5878099739744949, 0.0, 2.5133575635712733, 0.8864, 9.0]
[1.5921597125816627, 0.0, 2.8267678489742396, 0.912, 13.0]
[1.5942223896166352, 0.0, 2.4801430792928487, 0.4296, 7.0]
[1.6037498712123854, 0.0, 2.2939452001365219, 0.1272, 4.0]
[1.5934959308483596, 0.0, 2.4216518607625996, 0.5644, 7.0]
[1.5919726169762962, 0.0, 2.7590807350966982, 0.2972, 14.0]
[1.5950148259342374, 0.0, 2.2396216460891121, 0.0312, 4.0]
[1.5982098336268982, 0.0, 2.5581843165389042, 0.5412, 8.0]
[1.5900966754320336, 0.0, 2.4639987037986204, 0.5536, 6.0]
[1.5892518974211978, 0.0, 2.3840340645049096, 0.4832, 5.0]
[1.5936217644406589, 0.0, 2.4452053118520096, 0.3152, 7.0]
[1.6023374267918453, 0.0, 2.635934003709882, 0.6692, 11.0]
[1.5980974057575477, 0.0, 2.5361930455341959, 0.846, 8.0]
[1.5929444111136704, 0.0, 2.5475891259245973, 0.998, 7.0]
[1.5922840796475923, 0.0, 2.5962281534220781, 0.834, 10.0]
[1.5798244381500544, 0.0, 2.9453834300865016, 0.6528, 13.0]
[1.5858472606327099, 0.0, 2.6667053397727081, 0.6748, 10.0]
[1.5833262102839685, 0.0, 2.6083447569870026, 0.7184, 8.0]
[1.5821422555589852, 0.0, 2.370724900614928, 0.2492, 5.0]
[1.594713402878444, 0.0, 2.4221024742151318, 0.3692, 6.0]
[1.6058961881873726, 0.0, 2.5373336237895092, 0.632, 8.0]
[1.5933687088532407, 0.0, 2.2314200190530249, 0.6204, 4.0]