[1.6698888675799692, 0.0, 2.5647000696393731, 0.9436, 7.0]
[1.6563498295993191, 0.0, 2.3756760203770932, 0.99, 4.0]
[1.6410365834268532, 0.0, 2.451960462970268, 0.4816, 5.0]
[1.6584203983921317, 0.0, 2.3633410405466346, 0.9148, 4.0]
[1.656991561481878, 0.0, 2.3460187360325953, 0.5488, 4.0]
[1.6446247091197939, 0.0, 2.3395224411656619, 0.0956, 4.0]
[1.6613467373859541, 0.0, 2.4290411654886439, 0.6112, 5.0]
[1.6446209494580906, 0.0, 2.5778192620094766, 0.8416, 6.0]
[1.6652211642222823, 0.0, 2.5338182105060785, 0.87, 6.0]
[1.6439913624498823, 0.0, 2.530181980767126, 0.4956, 5.0]
[1.660202713516632, 0.0, 2.4469706725775824, 0.7828, 6.0]
[1.6478491866732417, 0.0, 2.8695631252412497, 0.5904, 11.0]
[1.6466739387107929, 0.0, 2.3333614247516179, 0.3356, 4.0]
[1.6494720716896962, 0.0, 2.550379164037917, 0.9388, 6.0]
[1.6491459119244696, 0.0, 2.2136003459189162, 0.0736, 3.0]
[1.6392183956793511, 0.0, 2.1961420195262669, 0.0508, 3.0]
[1.6451331629067787, 0.0, 2.4542268408108852, 0.7176, 5.0]
[1.6550118441550183, 0.0, 2.1852247415794945, 0.1548, 3.0]
[1.6458822984469594, 0.0, 2.2739595396173318, 0.678, 3.0]
[1.6583292547238377, 0.0, 2.6909890990528518, 0.4344, 7.0]
[1.6484087413171027, 0.0, 2.4668509813834811, 0.494, 5.0]
[1.6591601341450086, 0.0, 2.3904338635102391, 0.4568, 4.0]
[1.6544012582067138, 0.0, 2.213131633290585, 0.4072, 3.0]
[1.6593834495408197, 0.0, 2.3812116902806535, 0.8704, 4.0]
[1.6380726282965608, 0.0, 2.3785679805937425, 0.946, 4.0]
[1.6438973878731011, 0.0, 2.2105517996715003, 0.2684, 3.0]
[1.6472869288733119, 0.0, 2.5403889590736686, 0.8188, 6.0]
[1.6550187144476112, 0.0, 2.4534033499256376, 0.9176, 6.0]
[1.6536939045240175, 0.0, 2.6263004063911639, 0.892, 7.0]
[1.65531992764542, 0.0, 2.5905767414676668, 0.478, 6.0]
[1.668397250334674, 0.0, 2.5308534028784568, 0.5604, 5.0]
[1.6444631955901508, 0.0, 2.4707667036594292, 0.9816, 5.0]
[1.6564501412714425, 0.0, 2.2353938417148207, 0.0932, 3.0]
[1.6451278177868047, 0.0, 2.0468650808145599, 0.0992, 2.0]
[1.6513593372244273, 0.0, 2.873144322693471, 0.8556, 13.0]
[1.6509726316191946, 0.0, 2.1906760247808772, 0.4768, 3.0]
[1.6402543629825788, 0.0, 2.5885692101293047, 0.9328, 7.0]
[1.6691820981333745, 0.0, 2.4649095058718316, 0.73, 5.0]
[1.6668816455307038, 0.0, 2.2111038914221481, 0.2516, 3.0]
[1.6535761225268124, 0.0, 2.6082106271432899, 0.8984, 7.0]
[1.6551237085128128, 0.0, 2.77699074291843, 0.6992, 10.0]
[1.6596716840457519, 0.0, 2.5220282657563162, 0.7612, 6.0]
[1.6553736701861843, 0.0, 2.1995500279734719, 0.1624, 3.0]
[1.6502895278018999, 0.0, 2.1799275638357365, 0.2212, 3.0]
[1.6531569737914746, 0.0, 2.3084139240439452, 0.2472, 4.0]
[1.6555207097191178, 0.0, 2.5023054261943329, 0.664, 6.0]
[1.657594764010035, 0.0, 2.7446251706624532, 0.7012, 9.0]
[1.6551081086064885, 0.0, 2.3568909175626906, 0.5848, 4.0]