[1.6575491027139357, 0.0, 2.5921305497091227, 0.6816, 6.0]
[1.6630825760291037, 0.0, 2.2069697851768959, 0.6792, 3.0]
[1.6717087878616033, 0.0, 2.3693313739953386, 0.4016, 4.0]
[1.6401932433765616, 0.0, 2.3108449409749037, 0.184, 4.0]
[1.6580138376520428, 0.0, 2.4952415337964107, 0.9348, 6.0]
[1.6473246987062966, 0.0, 2.6405942445283834, 0.8952, 6.0]
[1.6561477770929631, 0.0, 2.6247836937406701, 0.788, 9.0]
[1.6497712543626943, 0.0, 2.6164155823623219, 0.9956, 6.0]
[1.6548595943564122, 0.0, 2.5745643996868033, 0.6776, 6.0]
[1.6605406671493084, 0.0, 2.3615798661786593, 0.9312, 4.0]
[1.6556584778395687, 0.0, 2.6342013996614932, 0.9204, 8.0]
[1.660441059412717, 0.0, 1.998860987458035, 0.0588, 2.0]
[1.6524793199761847, 0.0, 2.3810637196837283, 0.898, 4.0]
[1.6429850281126597, 0.0, 2.5998245337013515, 0.9936, 6.0]
[1.6516033443807618, 0.0, 1.9996500676597058, 0.0892, 2.0]
[1.6593009748951866, 0.0, 2.70912307733211, 0.488, 8.0]
[1.6547715833512793, 0.0, 2.641268357941545, 0.8724, 7.0]
[1.6482865681049441, 0.0, 2.3724194160410996, 0.0536, 4.0]
[1.6365733323421798, 0.0, 2.5539200104194011, 0.8692, 5.0]
[1.6574687922171187, 0.0, 2.2986664429920207, 0.4748, 4.0]
[1.6481934666840461, 0.0, 2.5079811652109996, 0.1472, 5.0]
[1.6613035265494098, 0.0, 2.6287902621420791, 0.702, 7.0]
[1.6560206833809803, 0.0, 2.44573074413469, 0.6664, 5.0]
[1.6561584065335078, 0.0, 2.613585416261178, 0.9972, 7.0]
[1.64886010798396, 0.0, 2.3383432031332436, 0.9016, 4.0]
[1.6403361948133803, 0.0, 2.5393310299234715, 0.5388, 5.0]
[1.6414150754062962, 0.0, 2.3556785347658633, 0.3668, 4.0]
[1.6589289224298431, 0.0, 2.6446563566057284, 0.4204, 6.0]
[1.6504255824030694, 0.0, 2.5131057510486086, 0.9108, 5.0]
[1.6654814719859108, 0.0, 2.1999464346366988, 0.5684, 3.0]
[1.6511531748246826, 0.0, 2.4314105983973029, 0.9672, 5.0]
[1.6458285980990763, 0.0, 2.5203338381572093, 0.816, 5.0]
[1.6605548070235563, 0.0, 2.6474433960556008, 0.8212, 8.0]
[1.651132596355489, 0.0, 2.4484697869515828, 0.9012, 5.0]
[1.6545372279751622, 0.0, 2.5222923375284463, 0.924, 5.0]
[1.6516160659627221, 0.0, 2.5540957719546742, 0.482, 6.0]
[1.649938165912904, 0.0, 2.4379858859281818, 0.3736, 5.0]
[1.6588625236524797, 0.0, 2.4919034557061668, 0.2816, 5.0]
[1.6377747868050347, 0.0, 2.5367250612375107, 0.5692, 5.0]
[1.6510136906990209, 0.0, 2.3290549485918932, 0.3144, 4.0]
[1.6508572520022451, 0.0, 2.3652581312793277, 0.5612, 4.0]
[1.6550448475822452, 0.0, 2.3850358949521278, 0.7192, 4.0]
[1.6526241658113732, 0.0, 2.569632786781634, 0.474, 7.0]
[1.6616855156714285, 0.0, 2.6294881835167603, 0.396, 6.0]
[1.6429012410953487, 0.0, 2.5843952390871205, 0.664, 7.0]
[1.6582377272225148, 0.0, 2.483790817609806, 0.1564, 5.0]
[1.6540722391753611, 0.0, 2.6792476089287485, 0.9124, 9.0]
[1.6499882800225807, 0.0, 2.1773638058646272, 0.252, 3.0]