[1.5806788645432197, 0.0, 2.5594838690064314, 0.9564, 8.0]
[1.5959441833894521, 0.0, 2.3382638116890568, 0.2516, 5.0]
[1.5879597942551729, 0.0, 2.4129161168553921, 0.636, 6.0]
[1.5898679890462577, 0.0, 2.584067906288904, 0.992, 8.0]
[1.5842373800668546, 0.0, 2.5637535544193497, 0.3112, 8.0]
[1.585120261221068, 0.0, 2.570504973992584, 0.7608, 8.0]
[1.5880491714861948, 0.0, 2.2095823845394316, 0.31, 4.0]
[1.5848020031774959, 0.0, 2.5946761421053264, 0.6812, 8.0]
[1.5862361127304316, 0.0, 2.2062881588066308, 0.0068, 4.0]
[1.5884494523922277, 0.0, 2.736537414964626, 0.5444, 11.0]
[1.5933770500757209, 0.0, 2.5191664656958754, 0.944, 7.0]
[1.5842946311892443, 0.0, 2.4108687267446252, 0.1352, 6.0]
[1.5941180009243574, 0.0, 2.2829843051437591, 0.3088, 4.0]
[1.590452339235978, 0.0, 2.414517390207287, 0.1908, 6.0]
[1.5872040170727648, 0.0, 2.3519079925602258, 0.1444, 5.0]
[1.5853524537237837, 0.0, 2.5691958192849134, 0.604, 8.0]
[1.5914601826726249, 0.0, 2.4668000791909073, 0.624, 7.0]
[1.5861364163929821, 0.0, 2.4651546686314982, 0.97, 6.0]
[1.5934698374582075, 0.0, 2.42254333914908, 0.4884, 6.0]
[1.5930272525265416, 0.0, 2.1200641814862773, 0.0576, 3.0]
[1.5927695496868277, 0.0, 2.4126708494299702, 0.8472, 6.0]
[1.5911852580408503, 0.0, 2.6627111711484268, 0.8712, 13.0]
[1.5969897199528953, 0.0, 2.4314745604482928, 0.7048, 7.0]
[1.5926649551785084, 0.0, 2.4688738391450613, 0.1548, 7.0]
[1.5854715232010519, 0.0, 2.7595486421182707, 0.5656, 11.0]
[1.587071442102268, 0.0, 2.4823601723698974, 0.916, 7.0]
[1.588784312893581, 0.0, 2.2447403089222764, 0.0496, 4.0]
[1.5807928043751216, 0.0, 2.5113241390996737, 0.6856, 6.0]
[1.5852680934159871, 0.0, 2.4925861660978965, 0.97, 6.0]
[1.5887297082574352, 0.0, 2.3970264243633506, 0.7088, 6.0]
[1.5985483140027077, 0.0, 2.3811140293267803, 0.9468, 5.0]
[1.5876060588704521, 0.0, 2.6478347713702703, 0.8, 11.0]
[1.5868610777122707, 0.0, 2.5931574149369512, 0.8772, 8.0]
[1.5815001532549968, 0.0, 2.392483629573201, 0.0884, 5.0]
[1.5973339237602824, 0.0, 2.4574968126347079, 0.956, 6.0]
[1.5931889414491858, 0.0, 2.4286221775074761, 0.6576, 6.0]
[1.5977199793290287, 0.0, 2.64957176284135, 0.4564, 9.0]
[1.6048496959924257, 0.0, 2.4537169758700044, 0.496, 7.0]
[1.584492192799662, 0.0, 2.4982925632447914, 0.4292, 6.0]
[1.5856919719216847, 0.0, 2.4954173687808994, 0.44, 6.0]
[1.5871897287746424, 0.0, 2.9641726051423354, 0.2808, 14.0]
[1.5946993521319679, 0.0, 2.9492403938400917, 0.5516, 22.0]
[1.5870901981684207, 0.0, 2.5088382388238237, 0.3804, 8.0]
[1.5811309457330305, 0.0, 2.6648397352517721, 0.4728, 10.0]
[1.5933526968360985, 0.0, 2.4915805717042043, 0.7232, 7.0]
[1.5833888555173909, 0.0, 2.4528072914945627, 0.7676, 6.0]
[1.5951323120406287, 0.0, 2.3607361826479929, 0.8676, 5.0]
[1.5927441098837867, 0.0, 2.3930876539159227, 0.148, 6.0]