[1.5903074145351708, 0.0, 2.6632843459321522, 0.6268, 13.0]
[1.5871064359878544, 0.0, 2.525339392471361, 0.8904, 7.0]
[1.5755777910359805, 0.0, 2.2807629293816589, 0.1844, 4.0]
[1.5883206422678251, 0.0, 2.5754876617438294, 0.6864, 9.0]
[1.5871036265696636, 0.0, 2.4641076896057661, 0.6272, 7.0]
[1.5983597485795502, 0.0, 2.3730858899335256, 0.894, 5.0]
[1.6035006124938165, 0.0, 2.5325845042102619, 0.912, 9.0]
[1.5841562539057317, 0.0, 2.6722646527577236, 0.9644, 12.0]
[1.5904466352988307, 0.0, 2.5424198121050452, 0.8068, 7.0]
[1.5834830232689243, 0.0, 2.5561796858303665, 0.3296, 9.0]
[1.5973475726165052, 0.0, 2.3331941490413741, 0.2652, 5.0]
[1.5911952236059572, 0.0, 2.2189173846178245, 0.0468, 4.0]
[1.5944549216969017, 0.0, 2.6467165626825739, 0.95, 11.0]
[1.5870005339929563, 0.0, 2.5900199824568948, 0.5132, 8.0]
[1.5892093074579012, 0.0, 2.5990038581399597, 0.9212, 11.0]
[1.5878155852180869, 0.0, 2.3553557858193299, 0.2308, 5.0]
[1.584061283136315, 0.0, 2.3998645591017276, 0.9364, 5.0]
[1.5845416441633704, 0.0, 2.2593926729904314, 0.14, 4.0]
[1.5939616117904838, 0.0, 2.2528404113480578, 0.3616, 4.0]
[1.5879803772703953, 0.0, 2.5002836915532836, 0.7816, 7.0]
[1.5896839424829152, 0.0, 2.3843845432773749, 0.3176, 6.0]
[1.5873960652029204, 0.0, 2.6881850765025597, 0.8784, 11.0]
[1.5964809575516008, 0.0, 2.2718620764309918, 0.1048, 5.0]
[1.6007634130029662, 0.0, 2.5863166228922196, 0.79, 10.0]
[1.5839914014097118, 0.0, 2.355729973714257, 0.0564, 5.0]
[1.5875823247090852, 0.0, 2.7893723563613975, 0.8628, 11.0]
[1.5905715792199213, 0.0, 2.4584004571706695, 0.8996, 6.0]
[1.5949188666387646, 0.0, 2.5533654580215788, 0.7632, 8.0]
[1.5811672045177412, 0.0, 2.6532655662019531, 0.4852, 8.0]
[1.5897994940048226, 0.0, 2.5372459709808242, 0.6444, 8.0]
[1.5932496302832186, 0.0, 2.6472814884596927, 0.776, 12.0]
[1.584568621222473, 0.0, 2.7505466989102816, 0.9812, 11.0]
[1.5896413652041024, 0.0, 2.5142814820038462, 0.2732, 9.0]
[1.5944860485257695, 0.0, 2.5592138427824263, 0.8804, 9.0]
[1.5906548325044478, 0.0, 2.5402593046673649, 0.4044, 7.0]
[1.5871694962805842, 0.0, 2.2656030564410594, 0.152, 4.0]
[1.5875206512152626, 0.0, 2.1636239316589898, 0.116, 3.0]
[1.5902729721108146, 0.0, 2.2909585757547792, 0.5324, 4.0]
[1.5930304689372456, 0.0, 2.5247377238517594, 0.8264, 8.0]
[1.5960117420954096, 0.0, 2.5266833911999496, 0.5384, 8.0]
[1.5853274939080411, 0.0, 2.5972647532232518, 0.9488, 9.0]
[1.5850848134167221, 0.0, 2.4181436374886109, 0.2344, 6.0]
[1.5837854832292688, 0.0, 2.5355940046324079, 0.5412, 7.0]
[1.5918079290344116, 0.0, 2.3108152554553962, 0.1976, 5.0]
[1.5995313091289296, 0.0, 2.6081770603152306, 0.1976, 10.0]
[1.5823382809143371, 0.0, 2.554636002114409, 0.9808, 7.0]
[1.5854828129075829, 0.0, 2.6161135158835584, 0.5384, 9.0]
[1.5923181354073916, 0.0, 2.6290850396638192, 0.6552, 8.0]