[1.5826312090532806, 0.0, 2.6567808113625802, 0.6888, 9.0]
[1.5921502598167812, 0.0, 2.4624163715460767, 0.8844, 7.0]
[1.588453021585611, 0.0, 2.2489429409627792, 0.118, 4.0]
[1.5979430924980149, 0.0, 2.498809795046518, 0.6592, 7.0]
[1.5981662134497947, 0.0, 2.2725277284124061, 0.528, 4.0]
[1.5891014336863971, 0.0, 2.4716353254274739, 0.23, 7.0]
[1.5723145299279717, 0.0, 2.2364928461362776, 0.0148, 4.0]
[1.5918627882583123, 0.0, 2.6364110549306261, 0.676, 8.0]
[1.5885089001452941, 0.0, 2.5217466225460807, 0.6744, 7.0]
[1.5818837974654438, 0.0, 2.3469878004917222, 0.3524, 5.0]
[1.5980782195859873, 0.0, 2.6902890779009554, 0.4528, 10.0]
[1.5917829147189848, 0.0, 2.55026950365058, 0.9656, 7.0]
[1.583417118620607, 0.0, 2.6617393275983896, 0.2944, 10.0]
[1.5970145049275648, 0.0, 2.2281036723225558, 0.2232, 4.0]
[1.5842872225482618, 0.0, 3.0249847406498542, 0.6716, 15.0]
[1.5916935249634334, 0.0, 2.2278265649845634, 0.3836, 4.0]
[1.5865047636317877, 0.0, 2.7918606338002339, 0.9456, 13.0]
[1.5868951927769379, 0.0, 2.4917730471980288, 0.8072, 6.0]
[1.5873310565410543, 0.0, 2.9551095542516448, 0.5508, 15.0]
[1.5841075134445264, 0.0, 2.4627796067209253, 0.8908, 6.0]
[1.5949972510782795, 0.0, 2.7954066596339282, 0.126, 12.0]
[1.5881382528401375, 0.0, 2.8230271162818674, 0.516, 12.0]
[1.583632667798514, 0.0, 2.8614789050916634, 0.7276, 14.0]
[1.5829411294796945, 0.0, 2.5371220166707995, 0.844, 8.0]
[1.5920048393789981, 0.0, 2.6411546366673364, 0.9396, 8.0]
[1.5859596914901695, 0.0, 3.0514520185109291, 0.8712, 20.0]
[1.5926008052413492, 0.0, 2.5917945599840211, 0.1352, 12.0]
[1.5750667335591022, 0.0, 2.5402991297816628, 0.8624, 7.0]
[1.5851306296759482, 0.0, 2.7134948825328991, 0.7004, 12.0]
[1.5977372610303797, 0.0, 2.663652730407859, 0.6524, 12.0]
[1.5878412135329247, 0.0, 2.4909926703478042, 0.4964, 8.0]
[1.5850102965364661, 0.0, 2.4884832627512372, 0.348, 6.0]
[1.5819832862723526, 0.0, 2.5231630355219687, 0.9648, 8.0]
[1.5912984265401295, 0.0, 2.2755658290032734, 0.3676, 4.0]
[1.602242549159544, 0.0, 2.6296497167225636, 0.862, 7.0]
[1.5774859663063197, 0.0, 2.4969632089765401, 0.2752, 6.0]
[1.5828726939865423, 0.0, 2.5632328505602588, 0.9064, 7.0]
[1.586269059857591, 0.0, 2.2421217285844648, 0.306, 4.0]
[1.5900674376873174, 0.0, 2.3378383319370957, 0.19, 5.0]
[1.5872652986317264, 0.0, 2.7376633504549535, 0.7132, 13.0]
[1.5990935932201016, 0.0, 2.3969735375906547, 0.2152, 5.0]
[1.5961316269145818, 0.0, 2.1145874035699519, 0.002, 3.0]
[1.591783118640439, 0.0, 2.3603865526905858, 0.3244, 5.0]
[1.590908834870199, 0.0, 2.3911894853748166, 0.7968, 5.0]
[1.5970523705989335, 0.0, 2.6585585420470967, 0.9724, 10.0]
[1.5843147007886331, 0.0, 2.5712138263201334, 0.4392, 9.0]
[1.5934644063999759, 0.0, 2.6849454667879717, 0.3844, 9.0]
[1.598541364179753, 0.0, 2.364625205385452, 0.4952, 5.0]