[1.6439077999317808, 0.0, 2.6918732164328247, 0.1088, 7.0]
[1.6475340155458558, 0.0, 2.4618865898895925, 0.4512, 5.0]
[1.6474142426404947, 0.0, 2.2101764135245423, 0.508, 3.0]
[1.6594614775911491, 0.0, 2.5147906659914634, 0.268, 5.0]
[1.6450918346987202, 0.0, 2.5741208602487671, 0.8664, 7.0]
[1.6576301481699518, 0.0, 2.6247692927321453, 0.3296, 7.0]
[1.6539220156790977, 0.0, 2.4722654752192854, 0.96, 5.0]
[1.6551524147021559, 0.0, 2.2410178292199712, 0.2548, 3.0]
[1.645727977197136, 0.0, 2.6614502536154703, 0.7832, 8.0]
[1.65281600162752, 0.0, 2.5147715788932166, 0.7188, 6.0]
[1.6776987892988533, 0.0, 2.1998718722772699, 0.5028, 3.0]
[1.6547256689853298, 0.0, 2.6046658503052589, 0.9196, 7.0]
[1.6681019551413776, 0.0, 2.2206272204897868, 0.102, 3.0]
[1.6545057976301094, 0.0, 2.3303768879257563, 0.1564, 4.0]
[1.6502713456790548, 0.0, 2.1948553090652423, 0.1388, 3.0]
[1.657658100105083, 0.0, 2.6976130608712499, 0.9392, 9.0]
[1.6658706220795856, 0.0, 2.5410986409808713, 0.97, 6.0]
[1.6595713976815705, 0.0, 2.5496969298179692, 0.9444, 8.0]
[1.6532368249901916, 0.0, 2.2111828759609908, 0.5752, 3.0]
[1.6587096285928973, 0.0, 2.2270052449831397, 0.1952, 3.0]
[1.648998858107299, 0.0, 2.2396694973334359, 0.286, 3.0]
[1.6667005969493354, 0.0, 2.2187387873396984, 0.5252, 3.0]
[1.6531876205585805, 0.0, 2.2208196910330029, 0.6112, 3.0]
[1.6564881755235261, 0.0, 2.1502739250277321, 0.0636, 3.0]
[1.6521186934331626, 0.0, 2.5819907343658466, 0.8052, 6.0]
[1.6373166415695977, 0.0, 2.6050517800931727, 0.7332, 6.0]
[1.6610493061873424, 0.0, 2.2437586793230899, 0.5532, 3.0]
[1.6653497317376598, 0.0, 2.4721870229534861, 0.402, 5.0]
[1.6557658144882508, 0.0, 2.052586854154713, 0.2208, 2.0]
[1.6640353393300265, 0.0, 2.4214993017262163, 0.9516, 5.0]
[1.6670631902786492, 0.0, 2.6965095221524695, 0.6292, 8.0]
[1.6543139271325247, 0.0, 2.8068494150487604, 0.9744, 10.0]
[1.6472754682459887, 0.0, 2.6429837644682568, 0.8836, 7.0]
[1.6435729931708787, 0.0, 2.3617782836325167, 0.9176, 4.0]
[1.6536150665293856, 0.0, 2.6652658939986038, 0.5424, 8.0]
[1.6574240410511147, 0.0, 2.3124670772686837, 0.58, 4.0]
[1.6480770002168805, 0.0, 2.7771596655677371, 0.7076, 10.0]
[1.6581493875222955, 0.0, 2.3806411419785727, 0.8156, 5.0]
[1.6529126412621122, 0.0, 2.457433408483062, 0.6872, 5.0]
[1.6614425298931439, 0.0, 2.2159543467337031, 0.3108, 3.0]
[1.6529063720887678, 0.0, 2.8730038952037518, 0.834, 12.0]
[1.65194581817219, 0.0, 2.3362914127457994, 0.0548, 4.0]
[1.6498500019696016, 0.0, 2.302144275446139, 0.9736, 4.0]
[1.6418479459371063, 0.0, 2.1972124376238558, 0.0348, 3.0]
[1.6460666513592179, 0.0, 2.3477313867315663, 0.9276, 4.0]
[1.6393150493260498, 0.0, 2.5450030256258254, 0.2316, 5.0]
[1.6418290280635246, 0.0, 2.5883714543873193, 0.9872, 6.0]
[1.6510109436640708, 0.0, 2.4325839321399059, 0.7264, 5.0]