[1.6550578724011453, 0.0, 2.4388683201956787, 0.5664, 5.0]
[1.6590754810767065, 0.0, 2.3310177569087793, 0.482, 4.0]
[1.6486219491947431, 0.0, 2.2152817537520235, 0.37, 3.0]
[1.6275691210416656, 0.0, 2.2218937750850403, 0.682, 3.0]
[1.6620638397811196, 0.0, 2.722728311925446, 0.762, 9.0]
[1.6491816579924845, 0.0, 2.3494413588879861, 0.0936, 4.0]
[1.6583256917730886, 0.0, 2.345796578086961, 0.694, 4.0]
[1.6668604521763231, 0.0, 2.3118982099597569, 0.1072, 4.0]
[1.666037427626796, 0.0, 2.0343991350171686, 0.0704, 2.0]
[1.6485676581918811, 0.0, 2.4473153209097407, 0.354, 5.0]
[1.6517167538782525, 0.0, 2.3263593669353249, 0.1504, 4.0]
[1.6440420269597757, 0.0, 2.7178546116505906, 0.6096, 10.0]
[1.6480129265450583, 0.0, 2.2146601584117338, 0.3064, 3.0]
[1.6578151390420319, 0.0, 2.6813610512020012, 0.762, 8.0]
[1.6475663929910214, 0.0, 2.632220193581515, 0.7468, 8.0]
[1.6408249799664936, 0.0, 2.5741221310889451, 0.5356, 6.0]
[1.6514100831772192, 0.0, 2.4439343602554837, 0.4912, 4.0]
[1.6691168557153042, 0.0, 2.5289136949259716, 0.8692, 6.0]
[1.632562414430712, 0.0, 2.3107138318888469, 0.3712, 4.0]
[1.6590837945287986, 0.0, 2.5384227919735474, 0.2452, 6.0]
[1.6479748956775508, 0.0, 2.2206900925776178, 0.3596, 3.0]
[1.6463581305503243, 0.0, 2.5161438389401107, 0.918, 6.0]
[1.6579890457290603, 0.0, 2.0084254972028228, 0.0376, 2.0]
[1.6450590884673499, 0.0, 2.248470101687583, 0.1624, 3.0]
[1.6636714031965876, 0.0, 2.6503841831595656, 0.8676, 7.0]
[1.6498979549900004, 0.0, 2.381959043348556, 0.5248, 4.0]
[1.6572321335249938, 0.0, 2.5531562106730483, 0.2436, 6.0]
[1.63983857889255, 0.0, 2.5130828659519882, 0.9364, 5.0]
[1.6511852008611458, 0.0, 2.4686644116479863, 0.2344, 5.0]
[1.663906019212781, 0.0, 2.2848947795113772, 0.4172, 3.0]
[1.6455916654448615, 0.0, 2.4419357701356201, 0.602, 5.0]
[1.6584145567862261, 0.0, 2.3176534130563144, 0.1184, 4.0]
[1.6336273489553594, 0.0, 2.360078541702197, 0.6604, 4.0]
[1.6457441444918626, 0.0, 2.2737586666875922, 0.6116, 3.0]
[1.6457833771893098, 0.0, 2.518062110463041, 0.9468, 6.0]
[1.6494596170376576, 0.0, 2.6233738017311987, 0.3828, 6.0]
[1.672310858536481, 0.0, 2.4734922801168495, 0.9536, 5.0]
[1.6523748178102524, 0.0, 2.2505642410691307, 0.5292, 3.0]
[1.648233699421781, 0.0, 2.922974324421062, 0.7216, 14.0]
[1.6516175014001122, 0.0, 2.4377666943821406, 0.2364, 5.0]
[1.6470327064105541, 0.0, 2.4698171009667078, 0.496, 6.0]
[1.6537683790128797, 0.0, 2.44579183751681, 0.6096, 5.0]
[1.6513271946890131, 0.0, 2.4668763757564967, 0.9824, 5.0]
[1.6522531053448226, 0.0, 2.5828099557675293, 0.9608, 6.0]
[1.6549553527580514, 0.0, 2.5863634798042039, 0.9856, 7.0]
[1.6548087630516695, 0.0, 2.3510904065866383, 0.272, 4.0]
[1.6566288314775455, 0.0, 2.5798102788826913, 0.8668, 7.0]
[1.6483021554463093, 0.0, 2.6091845704691812, 0.778, 6.0]