[1.5843360052953686, 0.0, 2.3621172767119787, 0.6664, 5.0]
[1.5836310030355976, 0.0, 2.6140989090874234, 0.8212, 9.0]
[1.5801000897701067, 0.0, 2.5786469857916838, 0.9848, 8.0]
[1.5845639114967565, 0.0, 2.556454981243816, 0.728, 9.0]
[1.5923187715943614, 0.0, 2.4907777613239173, 0.4748, 8.0]
[1.5898066832065429, 0.0, 2.2515276478258146, 0.1728, 4.0]
[1.5834429880283576, 0.0, 2.5049105899509767, 0.644, 7.0]
[1.5867630843897764, 0.0, 2.3511095357273546, 0.6072, 6.0]
[1.5849501850736016, 0.0, 2.7663686781324248, 0.5256, 11.0]
[1.599337452850303, 0.0, 2.4008464119059099, 0.874, 6.0]
[1.5868549313858431, 0.0, 2.3416021057080618, 0.2972, 5.0]
[1.5947162990744324, 0.0, 2.5694300705685569, 0.9724, 8.0]
[1.5920251821829925, 0.0, 2.2620987589725448, 0.3308, 4.0]
[1.6035187610530732, 0.0, 2.413459453904677, 0.204, 6.0]
[1.5937047829419035, 0.0, 2.4749601209577285, 0.9952, 7.0]
[1.5954042389333616, 0.0, 2.4855489490495088, 0.7352, 7.0]
[1.5846688396239688, 0.0, 2.4260636489110281, 0.594, 6.0]
[1.5954189420050944, 0.0, 2.6178752652431903, 0.7608, 8.0]
[1.6020192511168561, 0.0, 2.4031663584117604, 0.106, 6.0]
[1.5849747256292996, 0.0, 2.3302904745733679, 0.1124, 5.0]
[1.5966647144710731, 0.0, 2.6262081631353071, 0.5064, 10.0]
[1.5747360985582761, 0.0, 2.5242126712736437, 0.7072, 8.0]
[1.5912068062261557, 0.0, 2.2885170364666463, 0.1448, 5.0]
[1.5882080433949008, 0.0, 2.3657713546127712, 0.2492, 5.0]
[1.5890692609860531, 0.0, 2.4213028252602582, 0.396, 7.0]
[1.5833507483944746, 0.0, 2.4292713609749699, 0.5964, 6.0]
[1.5822874643838736, 0.0, 2.5992858365897273, 0.9084, 10.0]
[1.5856280981960191, 0.0, 2.390773567883083, 0.4056, 7.0]
[1.5920009433860263, 0.0, 2.6408362156314089, 0.614, 15.0]
[1.5825243373269389, 0.0, 2.6663762162315434, 0.7312, 11.0]
[1.5904685451385556, 0.0, 2.4551545769291785, 0.3236, 8.0]
[1.5944634923553163, 0.0, 2.592379195519662, 0.8344, 8.0]
[1.5934285620512996, 0.0, 2.5450276880707943, 0.5184, 9.0]
[1.5918381748276862, 0.0, 2.167463983158163, 0.0784, 4.0]
[1.591829019247716, 0.0, 2.1071924087652167, 0.1824, 3.0]
[1.5955085534095279, 0.0, 2.5451869216596172, 0.6272, 10.0]
[1.5874235809713895, 0.0, 2.5057351056587067, 0.1108, 7.0]
[1.5933998876285238, 0.0, 2.6400073055386866, 0.4856, 10.0]
[1.5868338573509841, 0.0, 2.6935827750498884, 0.714, 10.0]
[1.5913865595084982, 0.0, 2.0953400495531529, 0.0444, 3.0]
[1.5876086740041906, 0.0, 2.3829040007592366, 0.5672, 6.0]
[1.5894006268337366, 0.0, 2.8526176111337085, 0.5648, 15.0]
[1.5881229392182725, 0.0, 2.3505761609952383, 0.4892, 5.0]
[1.5971630061413293, 0.0, 2.3901442773510073, 0.6216, 5.0]
[1.5954235126499414, 0.0, 2.4110255402237417, 0.2216, 6.0]
[1.5877942531150695, 0.0, 2.2628106790939149, 0.4664, 4.0]
[1.5914866032278172, 0.0, 2.6059521543610193, 0.976, 7.0]
[1.5876546796833928, 0.0, 2.4223679309634738, 0.6104, 6.0]