[1.6424119239599184, 0.0, 2.5427474141862159, 0.9504, 5.0]
[1.6523328802783774, 0.0, 2.3650884371609395, 0.8892, 4.0]
[1.6483116737302725, 0.0, 2.260753941216421, 0.3048, 3.0]
[1.6550192358939317, 0.0, 2.3464436329443035, 0.2976, 4.0]
[1.6590705190519648, 0.0, 2.3772608311357164, 0.7976, 5.0]
[1.644685787370554, 0.0, 2.1948728741695738, 0.196, 3.0]
[1.655196941429028, 0.0, 2.1852445419124251, 0.4112, 3.0]
[1.6660987996120564, 0.0, 2.3649598633237021, 0.8932, 4.0]
[1.656372238055686, 0.0, 2.3285843577297651, 0.5868, 4.0]
[1.6511904736063059, 0.0, 2.8226104272583328, 0.9316, 9.0]
[1.6427650877424496, 0.0, 2.5274678724224944, 0.6496, 7.0]
[1.645807195547448, 0.0, 2.4738432425673116, 0.7488, 5.0]
[1.6373735726487568, 0.0, 2.9131432500223573, 0.5796, 14.0]
[1.667428031673994, 0.0, 2.2232655025050074, 0.366, 3.0]
[1.6440221878563315, 0.0, 2.5850465073141278, 0.786, 7.0]
[1.6538969400238148, 0.0, 2.4510819962770172, 0.7136, 5.0]
[1.6541038297793413, 0.0, 2.5526933974028831, 0.6436, 6.0]
[1.6607914874878671, 0.0, 2.3294821651361222, 0.5716, 4.0]
[1.6495771932283589, 0.0, 2.4586207891054723, 0.786, 5.0]
[1.6474178347634401, 0.0, 2.5499055472171053, 0.7316, 6.0]
[1.6634748487609052, 0.0, 2.4256094176454264, 0.81, 5.0]
[1.6623562538325218, 0.0, 2.2261308589384745, 0.5832, 3.0]
[1.6516184844313484, 0.0, 2.7502539632792482, 0.5712, 7.0]
[1.6534671377196415, 0.0, 2.2372431901295018, 0.4432, 3.0]
[1.6539064704448156, 0.0, 2.6364308818765823, 0.7276, 6.0]
[1.6457844060609563, 0.0, 2.2143025554547768, 0.6984, 3.0]
[1.6485669849920757, 0.0, 2.6030299796593432, 0.962, 6.0]
[1.6629522881193766, 0.0, 2.1849962011285116, 0.516, 3.0]
[1.6644620787979623, 0.0, 2.6039620515924158, 0.934, 8.0]
[1.6497669035457296, 0.0, 2.95038317059851, 0.4948, 14.0]
[1.6560023554886341, 0.0, 2.2473418689381113, 0.7708, 3.0]
[1.6641553763602934, 0.0, 2.0179458629910858, 0.2548, 2.0]
[1.6504150184085147, 0.0, 2.2380688131640198, 0.2232, 3.0]
[1.6569821701510619, 0.0, 2.4514530867744124, 0.9984, 4.0]
[1.672890709107334, 0.0, 2.024700410059503, 0.4548, 2.0]
[1.6482703826159089, 0.0, 2.5760582492439292, 0.48, 5.0]
[1.6613357994627553, 0.0, 2.501164288871049, 0.9852, 6.0]
[1.6561646507621202, 0.0, 2.3599636536538453, 0.6912, 4.0]
[1.6661061916038276, 0.0, 2.39074592222667, 0.8064, 5.0]
[1.6535045141417273, 0.0, 2.2712758699160904, 0.5652, 3.0]
[1.6496669032972231, 0.0, 2.4899965202555956, 0.7968, 5.0]
[1.6540269384103785, 0.0, 2.8939289863750046, 0.9632, 11.0]
[1.6625714212624843, 0.0, 2.5109431636152881, 0.932, 5.0]
[1.6584534498396222, 0.0, 2.483034774701991, 0.6648, 5.0]
[1.6470016132490861, 0.0, 2.4666935340790062, 0.626, 5.0]
[1.6505331227413127, 0.0, 2.4266679191033558, 0.9968, 4.0]
[1.6511687980959879, 0.0, 2.2133778279239045, 0.744, 3.0]
[1.6512192422569969, 0.0, 2.7558494453441247, 0.9504, 9.0]