[1.5888868606268098, 0.0, 2.4688063529328783, 0.942, 6.0]
[1.5908151620584718, 0.0, 2.8955705319191636, 0.5348, 18.0]
[1.5906026883044122, 0.0, 2.3501681460947297, 0.794, 5.0]
[1.5912657232054883, 0.0, 2.2671891383921468, 0.3312, 4.0]
[1.5953198336184569, 0.0, 2.6065326603389147, 0.4152, 9.0]
[1.5896188328684784, 0.0, 2.6369677459739487, 0.8784, 9.0]
[1.5918780492923288, 0.0, 2.5837374703022711, 0.7656, 8.0]
[1.5941799227012132, 0.0, 2.540168870935247, 0.7996, 7.0]
[1.5843512480002704, 0.0, 2.5221902776088161, 0.9272, 7.0]
[1.5855888748419606, 0.0, 2.6439470325642445, 0.744, 10.0]
[1.5829917319464464, 0.0, 2.4599840679786, 0.7744, 6.0]
[1.5810120117400106, 0.0, 2.562309321460182, 0.2104, 7.0]
[1.5880722516352033, 0.0, 2.2420612043882642, 0.0356, 4.0]
[1.5918979946886864, 0.0, 2.4819627683203147, 0.3148, 7.0]
[1.5930503891040841, 0.0, 2.5198407926209372, 0.6344, 9.0]
[1.5862758287067149, 0.0, 2.5695164867217022, 0.3476, 8.0]
[1.5863635222569903, 0.0, 2.6320750999950118, 0.8772, 10.0]
[1.5935181033756187, 0.0, 2.8190279141163859, 0.8132, 13.0]
[1.6019922972282612, 0.0, 2.5175724445719054, 0.9704, 8.0]
[1.5847005920295614, 0.0, 2.633371683317498, 0.7312, 10.0]
[1.5870458261932781, 0.0, 2.6174972963807708, 0.7448, 9.0]
[1.5994745201623206, 0.0, 2.0798373980462523, 0.0468, 3.0]
[1.5906891852273115, 0.0, 2.5127929803723656, 0.7904, 8.0]
[1.5929121739906882, 0.0, 2.4274523348826906, 0.8496, 6.0]
[1.5860910077791099, 0.0, 2.6783686786815499, 0.9696, 9.0]
[1.5815172950779539, 0.0, 2.4518150859362571, 0.8856, 6.0]
[1.5972641765009521, 0.0, 2.3159643326206734, 0.0292, 5.0]
[1.5872455515898856, 0.0, 2.8069020697075429, 0.8724, 16.0]
[1.5982713768432544, 0.0, 2.5474817954743383, 0.952, 8.0]
[1.5947050100065143, 0.0, 2.7886714171911109, 0.5476, 13.0]
[1.5793819534078564, 0.0, 2.9051617766889963, 0.8648, 14.0]
[1.5913072837612787, 0.0, 2.504780548637747, 0.6304, 8.0]
[1.5892571617694262, 0.0, 2.5528579407206031, 0.5692, 10.0]
[1.595635174979491, 0.0, 2.0883511619015893, 0.0356, 3.0]
[1.5951208545639388, 0.0, 2.3752844053169557, 0.292, 6.0]
[1.5906854855334553, 0.0, 2.4721712076644557, 0.8404, 7.0]
[1.5902135885947259, 0.0, 2.6550470713858525, 0.8564, 10.0]
[1.5917307205682567, 0.0, 2.6537419214724856, 0.5016, 11.0]
[1.5901482835859326, 0.0, 2.3166783288426185, 0.088, 5.0]
[1.5990804315979545, 0.0, 2.3245967730049371, 0.7376, 5.0]
[1.5893530793415844, 0.0, 2.5983608391794561, 0.9468, 9.0]
[1.5921587361955258, 0.0, 2.5700289923792843, 0.9036, 9.0]
[1.5799173895266954, 0.0, 2.3447774259447423, 0.0292, 5.0]
[1.5911823411618262, 0.0, 2.098573956405037, 0.1176, 3.0]
[1.5889278839395402, 0.0, 2.4141428105698024, 0.2576, 6.0]
[1.5952307856037584, 0.0, 2.5807899784702331, 0.9916, 8.0]
[1.5990632600428776, 0.0, 2.5950615834344415, 0.742, 9.0]
[1.5879725978140962, 0.0, 2.4932681516227855, 0.85, 8.0]