[1.6432491171941308, 0.0, 2.4321254843956743, 0.3032, 5.0]
[1.6437145412089671, 0.0, 2.400959390061411, 0.3884, 4.0]
[1.6475201187852302, 0.0, 2.7944786576909375, 0.6272, 8.0]
[1.6568042867250359, 0.0, 2.3504778793945249, 0.2168, 4.0]
[1.6663659440374197, 0.0, 2.3060311473690005, 0.8384, 4.0]
[1.6501318850076889, 0.0, 2.3197471699378607, 0.368, 4.0]
[1.6508652085029452, 0.0, 2.329589063641496, 0.3396, 4.0]
[1.6517459431147969, 0.0, 2.5387600311718206, 0.9816, 5.0]
[1.6552262048700901, 0.0, 2.4836491954170632, 0.3552, 10.0]
[1.6688823935963706, 0.0, 2.3584785345784658, 0.7952, 4.0]
[1.658572924136485, 0.0, 2.2154771238094551, 0.2824, 3.0]
[1.6589130542288886, 0.0, 2.5111574388088522, 0.9348, 6.0]
[1.6655507460029069, 0.0, 2.1600451894341859, 0.286, 3.0]
[1.6601187274329487, 0.0, 2.3311472651659289, 0.9504, 4.0]
[1.6421539651950257, 0.0, 2.6923037566360586, 0.95, 8.0]
[1.6503812769116446, 0.0, 2.2457985322812148, 0.3272, 3.0]
[1.6383642754877492, 0.0, 2.4011819501875089, 0.9852, 4.0]
[1.6470101022197565, 0.0, 2.5299307356031893, 0.9156, 6.0]
[1.6429182897739421, 0.0, 2.766619471969598, 0.722, 9.0]
[1.6504669176961246, 0.0, 2.871148553502862, 0.7572, 11.0]
[1.6459942789725595, 0.0, 2.724748359576985, 0.486, 9.0]
[1.6535004522620667, 0.0, 2.2213937909838464, 0.2564, 3.0]
[1.6517941044549032, 0.0, 2.3934819895608026, 0.5532, 4.0]
[1.6628643485180887, 0.0, 2.3882274361173419, 0.4164, 5.0]
[1.6501325144165282, 0.0, 2.3459923730914261, 0.9704, 4.0]
[1.6610063428233639, 0.0, 2.8152936855069757, 0.6756, 14.0]
[1.651382216894516, 0.0, 2.252030888814716, 0.3924, 3.0]
[1.6527967701809607, 0.0, 2.5864120471759922, 0.6412, 9.0]
[1.6492043642375509, 0.0, 2.2561132111088926, 0.4604, 3.0]
[1.6362649668612317, 0.0, 2.4102067014533168, 0.996, 4.0]
[1.6547879536447287, 0.0, 2.40561038754127, 0.9568, 5.0]
[1.6440996731742641, 0.0, 2.5121958553567416, 0.5116, 5.0]
[1.6515521841998524, 0.0, 2.6043317528777439, 0.9136, 6.0]
[1.6466649221715741, 0.0, 2.5659771471299901, 0.9856, 6.0]
[1.6559410973152087, 0.0, 2.5399016067067337, 0.7088, 7.0]
[1.6451558482687252, 0.0, 2.4126660622456582, 0.7612, 4.0]
[1.650140208150837, 0.0, 2.4370100104571408, 0.7948, 5.0]
[1.646233703587876, 0.0, 2.4705308354612452, 0.0476, 5.0]
[1.6556329407653605, 0.0, 2.348099026689817, 0.4752, 4.0]
[1.6569004448409821, 0.0, 2.5320988346300943, 0.8652, 5.0]
[1.659557248569381, 0.0, 2.2674207813916363, 0.9004, 3.0]
[1.6515690289955738, 0.0, 2.4721899372090865, 0.7356, 5.0]
[1.6427703558164741, 0.0, 2.5748081648396859, 0.4324, 5.0]
[1.6579134468820367, 0.0, 2.5434455648886258, 0.8344, 6.0]
[1.645201736490586, 0.0, 2.9153112205872178, 0.2816, 9.0]
[1.6410299554925896, 0.0, 2.4453686355072399, 0.6696, 5.0]
[1.6601832285806684, 0.0, 2.5519570829581353, 0.9588, 6.0]
[1.6546032293327002, 0.0, 2.6752293842219728, 0.1768, 7.0]