[1.5886684824799864, 0.0, 2.072795243912239, 0.004, 3.0]
[1.6025050701759516, 0.0, 2.3646145610300113, 0.1484, 6.0]
[1.5876950331482511, 0.0, 2.3545468883289242, 0.1144, 6.0]
[1.5891283638746017, 0.0, 2.4718830228343029, 0.5472, 7.0]
[1.5956220630385944, 0.0, 2.5602198746501328, 0.6008, 8.0]
[1.5789314404123695, 0.0, 2.497594893109742, 0.7408, 6.0]
[1.5865973343145858, 0.0, 2.5478205375142737, 0.2624, 7.0]
[1.5870841167534997, 0.0, 2.6089069009532615, 0.948, 9.0]
[1.5890492795768387, 0.0, 2.720536559595375, 0.6476, 13.0]
[1.5837122643300359, 0.0, 2.4649978792266563, 0.3632, 6.0]
[1.5890166749070413, 0.0, 2.3423135850972554, 0.7688, 5.0]
[1.5916224251925875, 0.0, 2.3448198455925375, 0.4752, 5.0]
[1.5903003195900023, 0.0, 2.4635710164062425, 0.9576, 6.0]
[1.5926611045794967, 0.0, 2.6561896508926619, 0.9464, 11.0]
[1.5907635013426271, 0.0, 2.4591712281209981, 0.502, 7.0]
[1.5848810170262848, 0.0, 2.6686060089947579, 0.7668, 11.0]
[1.5911329572720649, 0.0, 2.7302688539635325, 0.8544, 11.0]
[1.591907826311256, 0.0, 2.4454756753453051, 0.8576, 6.0]
[1.5985799959301115, 0.0, 2.958662156452224, 0.6288, 18.0]
[1.590648543406906, 0.0, 2.8815316650991183, 0.7676, 14.0]
[1.5856792450237813, 0.0, 2.280692393549109, 0.1584, 4.0]
[1.5928393575442097, 0.0, 2.5879507329121276, 0.7636, 10.0]
[1.5978393690765411, 0.0, 2.3293946510411292, 0.348, 5.0]
[1.5906676853932695, 0.0, 2.6216777225881942, 0.5564, 11.0]
[1.5934994373408338, 0.0, 2.4483146201171517, 0.7876, 6.0]
[1.5899878116590869, 0.0, 2.2767713682727102, 0.3856, 4.0]
[1.5921120636669066, 0.0, 2.3516709903783553, 0.6724, 5.0]
[1.5860617859642758, 0.0, 2.1395721992731054, 0.0284, 3.0]
[1.600975224066076, 0.0, 2.2261307826473118, 0.2184, 4.0]
[1.5883866174068859, 0.0, 2.5325384165408646, 0.3012, 8.0]
[1.5953111098992525, 0.0, 2.8382389981060006, 0.844, 12.0]
[1.5922402655204437, 0.0, 2.5385392127644186, 0.6228, 8.0]
[1.5860005321386366, 0.0, 2.5716652247235263, 0.8724, 8.0]
[1.5968977170669021, 0.0, 2.4699754962513225, 0.828, 7.0]
[1.5922006415601095, 0.0, 2.42135981778892, 0.516, 6.0]
[1.5959665930407354, 0.0, 2.2814601451875784, 0.106, 4.0]
[1.5910962363257766, 0.0, 2.420676350653121, 0.7028, 6.0]
[1.5843339729312036, 0.0, 2.4865469373965867, 0.6828, 7.0]
[1.594630048619555, 0.0, 2.2680273962170876, 0.036, 4.0]
[1.5946549366394658, 0.0, 2.2560572412556126, 0.2636, 4.0]
[1.5764005408835289, 0.0, 2.5958289148337559, 0.7248, 9.0]
[1.5889089710823556, 0.0, 2.3227701680215223, 0.1268, 6.0]
[1.5857023664728795, 0.0, 2.5045786554579217, 0.5232, 9.0]
[1.5941054591329686, 0.0, 2.2154947418740489, 0.156, 4.0]
[1.5847690749151164, 0.0, 2.6509030077004767, 0.898, 9.0]
[1.5846443091015545, 0.0, 2.4029564027425909, 0.2908, 6.0]
[1.5897594237316, 0.0, 2.6083136019010391, 0.6996, 11.0]
[1.5944679107432496, 0.0, 2.7456743596105513, 0.5304, 12.0]