[1.5895309600001815, 0.0, 2.458114210177758, 0.1396, 7.0]
[1.5825583303507469, 0.0, 2.4887551776544443, 0.0592, 8.0]
[1.5874797134150045, 0.0, 2.3445434579376965, 0.2832, 5.0]
[1.5993997615164401, 0.0, 2.6035299062862753, 0.5132, 9.0]
[1.576927836276163, 0.0, 2.6911127479997976, 0.7116, 8.0]
[1.592505533446926, 0.0, 2.5231686953160097, 0.1352, 7.0]
[1.5907441441970196, 0.0, 2.2500386449064029, 0.2028, 4.0]
[1.6028270805129508, 0.0, 2.5700534874272081, 0.8808, 10.0]
[1.5849257675742248, 0.0, 2.5503760197112584, 0.7604, 8.0]
[1.5986949530379064, 0.0, 2.6882255787981073, 0.9688, 11.0]
[1.5859591775925055, 0.0, 2.7903256411643644, 0.7744, 13.0]
[1.5909601684924697, 0.0, 2.4578866762756828, 0.1192, 6.0]
[1.5830024204534512, 0.0, 2.3394737341637173, 0.2104, 5.0]
[1.5923798940192724, 0.0, 2.7926051537509569, 0.3616, 12.0]
[1.5969553288013492, 0.0, 2.5665537119390298, 0.922, 12.0]
[1.5932490729110544, 0.0, 2.2352306969679185, 0.1504, 4.0]
[1.5879409439168652, 0.0, 2.2906488458281, 0.0032, 5.0]
[1.5837351418933179, 0.0, 2.4091211918946818, 0.3964, 6.0]
[1.5910156126859185, 0.0, 2.5622404187343077, 0.14, 9.0]
[1.584982759655666, 0.0, 2.5998517091247422, 0.7984, 8.0]
[1.5923993957087101, 0.0, 2.462491837431275, 0.6536, 7.0]
[1.6012890128901254, 0.0, 2.503199493435992, 0.8936, 7.0]
[1.579893257573636, 0.0, 2.6081189718687376, 0.862, 9.0]
[1.5905240346527107, 0.0, 2.3815687814773971, 0.332, 6.0]
[1.5945837454184568, 0.0, 2.4757947193368652, 0.9992, 6.0]
[1.5863333179577057, 0.0, 2.2323242026201271, 0.1228, 4.0]
[1.6023389129229544, 0.0, 2.6231256515090773, 0.876, 10.0]
[1.580644152658794, 0.0, 2.4662529352631344, 0.0376, 6.0]
[1.5979838215070148, 0.0, 2.4736339331537307, 0.452, 7.0]
[1.5937328753197899, 0.0, 2.647612409712246, 0.8248, 11.0]
[1.598157321348459, 0.0, 2.6020849520509293, 0.2036, 9.0]
[1.592207905369672, 0.0, 2.6603763530920044, 0.498, 11.0]
[1.5923484604950686, 0.0, 2.0813913822854344, 0.0208, 3.0]
[1.5973576324631282, 0.0, 2.533094805092782, 0.3748, 7.0]
[1.603641924648008, 0.0, 2.7469896476681281, 0.5436, 17.0]
[1.591311100126382, 0.0, 2.6085315191742411, 0.8428, 11.0]
[1.5830932232777846, 0.0, 2.3788384996364513, 0.7168, 6.0]
[1.5884609608579146, 0.0, 2.6194476725058444, 0.5416, 9.0]
[1.5880531520502226, 0.0, 2.386239312806719, 0.5316, 5.0]
[1.586483658424592, 0.0, 2.6931473811513218, 0.5288, 11.0]
[1.5958356571253547, 0.0, 2.4475747794275686, 0.9844, 7.0]
[1.5872312631406891, 0.0, 2.4874892049827242, 0.4688, 7.0]
[1.5955729696786078, 0.0, 2.6926904205090163, 0.8688, 15.0]
[1.5992219540290002, 0.0, 2.4668830087533165, 0.7764, 7.0]
[1.5849605349263927, 0.0, 2.4417796759423762, 0.2672, 6.0]
[1.5927239952481664, 0.0, 2.4773149215385768, 0.6872, 7.0]
[1.5910561771366747, 0.0, 2.4969369039578622, 0.8884, 6.0]
[1.5776875406749582, 0.0, 2.4613781124874787, 0.838, 6.0]