[1.5937837374470374, 0.0, 2.4388979123868175, 0.6244, 6.0]
[1.5853250717323868, 0.0, 2.3743554142663368, 0.5116, 5.0]
[1.5949570504909159, 0.0, 2.2820824062636578, 0.1744, 4.0]
[1.5918733597872095, 0.0, 2.6141172560172938, 0.8684, 9.0]
[1.5910474236553085, 0.0, 2.64196841080045, 0.9148, 10.0]
[1.599023384769517, 0.0, 2.5174472298881452, 0.3768, 8.0]
[1.5908232539194458, 0.0, 2.596119770740609, 0.2672, 9.0]
[1.5931566679500089, 0.0, 2.3908997547340487, 0.7352, 5.0]
[1.5873378771549826, 0.0, 2.5269442469047534, 0.5784, 11.0]
[1.5981133993079828, 0.0, 2.6044091300467564, 0.9344, 9.0]
[1.589490108788588, 0.0, 2.4820158572872124, 0.7996, 7.0]
[1.5939662078763592, 0.0, 2.5917588782098955, 0.8904, 7.0]
[1.587873235643146, 0.0, 2.7351281681123769, 0.1748, 11.0]
[1.5959260879261703, 0.0, 2.4494413605833012, 0.208, 7.0]
[1.5875276893560095, 0.0, 2.7144407326112399, 0.6824, 11.0]
[1.5870548279895647, 0.0, 2.5122590307642483, 0.4772, 9.0]
[1.5890863382871492, 0.0, 2.3319956836660189, 0.2504, 5.0]
[1.5945500428330335, 0.0, 2.4745040825283184, 0.2944, 8.0]
[1.591198891428744, 0.0, 2.6540969235951586, 0.686, 11.0]
[1.5823310762744531, 0.0, 2.520874338473289, 0.7824, 7.0]
[1.5984478835316387, 0.0, 2.6740954764564435, 0.67, 13.0]
[1.5883597639528793, 0.0, 2.6487022384478625, 0.6892, 10.0]
[1.5984002066492056, 0.0, 2.4698177423968426, 0.8384, 7.0]
[1.582616582380457, 0.0, 2.520865551732125, 0.3008, 7.0]
[1.5914507871526742, 0.0, 2.7800071985981427, 0.7948, 12.0]
[1.5979252515937343, 0.0, 2.6946312583881218, 0.8044, 10.0]
[1.5854757789138527, 0.0, 2.4400575330236438, 0.4452, 6.0]
[1.5880115082498087, 0.0, 2.4303082553267039, 0.1116, 6.0]
[1.5929304890922014, 0.0, 2.3522391479476989, 0.66, 5.0]
[1.5909779585720727, 0.0, 2.1159413947820553, 0.0452, 3.0]
[1.5966369456467748, 0.0, 2.6229138033618087, 0.7368, 9.0]
[1.5808894635339703, 0.0, 2.6217584825482549, 0.8888, 8.0]
[1.5897771624053463, 0.0, 2.5944345099879209, 0.7844, 8.0]
[1.5932511011576995, 0.0, 2.2408597228672482, 0.3704, 4.0]
[1.600276848169865, 0.0, 2.4971805308193358, 0.6132, 9.0]
[1.5920566373007983, 0.0, 2.2549408670163205, 0.0296, 4.0]
[1.591787935228276, 0.0, 2.4853952852745849, 0.558, 8.0]
[1.5950206914259137, 0.0, 2.3400563730239172, 0.252, 5.0]
[1.6054863997829352, 0.0, 2.3005770801226788, 0.2508, 5.0]
[1.5899082497590578, 0.0, 2.4818208629474032, 0.4692, 7.0]
[1.5938330836274606, 0.0, 2.7176564905868483, 0.7704, 10.0]
[1.5876546399225633, 0.0, 2.6033000416199479, 0.3392, 8.0]
[1.5930329228002038, 0.0, 2.3606525980530257, 0.886, 5.0]
[1.5903069751343346, 0.0, 2.5473094032049475, 0.7676, 8.0]
[1.584960956231416, 0.0, 2.459173461055598, 0.3924, 7.0]
[1.5885943796394999, 0.0, 2.684207848594101, 0.984, 10.0]
[1.5977463927920299, 0.0, 2.4473944428675303, 0.546, 7.0]
[1.5966279128120187, 0.0, 2.2407308889459694, 0.1172, 4.0]