[1.6632174248356504, 0.0, 2.6521782353209513, 0.9516, 7.0]
[1.6550941121452616, 0.0, 2.6953274769268818, 0.6912, 7.0]
[1.6562613518999081, 0.0, 2.5860543740681585, 0.8208, 7.0]
[1.6448422259179289, 0.0, 2.3366997650035581, 0.2952, 4.0]
[1.6601084129925772, 0.0, 2.6472741938995457, 0.3212, 8.0]
[1.6233284813600313, 0.0, 2.9602277482518016, 0.502, 10.0]
[1.6469122173734609, 0.0, 2.4643581774985628, 0.9892, 5.0]
[1.6509683977417313, 0.0, 2.019760218213718, 0.1244, 2.0]
[1.6560785575563708, 0.0, 2.5078664222640068, 0.5472, 7.0]
[1.6630935126866888, 0.0, 2.6169377972310945, 0.4424, 7.0]
[1.6643250785676416, 0.0, 2.3157152725041374, 0.4076, 4.0]
[1.6468765931167266, 0.0, 2.4092341232462426, 0.0808, 4.0]
[1.6548917889061137, 0.0, 2.4961351967428431, 0.6444, 5.0]
[1.6461766719673472, 0.0, 2.5730550237183829, 0.6876, 6.0]
[1.635480110543676, 0.0, 2.7472601222513298, 0.6236, 12.0]
[1.6596338820275163, 0.0, 2.6471420004969257, 0.6564, 7.0]
[1.6668808590321917, 0.0, 2.030980573874313, 0.122, 2.0]
[1.6528286062953383, 0.0, 2.1617130204763573, 0.3372, 3.0]
[1.6485734792474678, 0.0, 2.3473107240222477, 0.904, 4.0]
[1.6463247041337308, 0.0, 2.3979165877915225, 0.2928, 4.0]
[1.6592511540010371, 0.0, 2.4861315760939702, 0.4872, 5.0]
[1.6541350080572441, 0.0, 2.5797315494866764, 0.8596, 6.0]
[1.6539777592024225, 0.0, 2.1804516432525247, 0.1376, 3.0]
[1.6458058159586624, 0.0, 2.2317281172439243, 0.48, 3.0]
[1.6561605635918131, 0.0, 2.4371438755078878, 0.988, 5.0]
[1.6495506403211562, 0.0, 2.3775705082461265, 0.218, 4.0]
[1.6452777337767721, 0.0, 2.6298693309742318, 0.7936, 7.0]
[1.6767285275385428, 0.0, 2.4899625604927471, 0.576, 6.0]
[1.6496064630280376, 0.0, 2.3961284259520879, 0.9904, 4.0]
[1.6417658147433485, 0.0, 2.6782984002540937, 0.7336, 9.0]
[1.6537159262328847, 0.0, 2.6494481922877751, 0.9172, 8.0]
[1.6590242267241477, 0.0, 2.6818772293804023, 0.9116, 9.0]
[1.6537670917566216, 0.0, 2.3397372246223265, 0.8, 4.0]
[1.6450571255177522, 0.0, 2.5011734464196946, 0.5988, 5.0]
[1.6608083932519979, 0.0, 2.4973270142207467, 0.9592, 5.0]
[1.6509095505935707, 0.0, 2.76758545129892, 0.9264, 9.0]
[1.6589518549723863, 0.0, 2.4167450780910125, 0.7472, 5.0]
[1.6514112176203852, 0.0, 2.5395426126961116, 0.8008, 8.0]
[1.6415066621220604, 0.0, 2.3793911478545211, 0.8468, 5.0]
[1.6567385413663249, 0.0, 2.365964425475684, 0.2452, 4.0]
[1.6506794521123118, 0.0, 2.4645635175061771, 0.9496, 5.0]
[1.646202766095485, 0.0, 2.3975724329130297, 0.9864, 4.0]
[1.6536545135492644, 0.0, 2.2811672644617835, 0.3776, 3.0]
[1.6415603088784012, 0.0, 2.4458169620298005, 0.7372, 5.0]
[1.6487760741565871, 0.0, 2.4187902433120483, 0.8112, 5.0]
[1.6492478835354554, 0.0, 2.4479901223067433, 0.344, 5.0]
[1.6446962380526866, 0.0, 2.7336597307529384, 0.4404, 8.0]
[1.6670475913456899, 0.0, 2.204396301406609, 0.6908, 3.0]