[1.5908463353318973, 0.0, 2.5879048969563172, 0.9572, 10.0]
[1.5985394330394473, 0.0, 2.4449609635130347, 0.264, 6.0]
[1.5950895066898354, 0.0, 2.3514418478941961, 0.5088, 5.0]
[1.5849180604778426, 0.0, 2.2168051016341161, 0.0676, 4.0]
[1.5977248269237894, 0.0, 2.6150398004988968, 0.1408, 10.0]
[1.5871713517471, 0.0, 2.5962939564668259, 0.7348, 11.0]
[1.5864570561552997, 0.0, 2.7144959008656468, 0.5792, 18.0]
[1.5940443054251932, 0.0, 2.4146972175981771, 0.018, 6.0]
[1.5800901722062122, 0.0, 2.6758448574785652, 0.9904, 8.0]
[1.592268622356364, 0.0, 2.7062395558504924, 0.4384, 9.0]
[1.5861808555758072, 0.0, 2.5136225724366614, 0.1052, 12.0]
[1.5972762627817454, 0.0, 2.5272004694079788, 0.6836, 8.0]
[1.5978365419128058, 0.0, 2.1380268787672216, 0.208, 3.0]
[1.5955280979923159, 0.0, 2.129297404074511, 0.076, 3.0]
[1.5892368121808604, 0.0, 2.334628100758863, 0.3288, 4.0]
[1.5864033875803569, 0.0, 2.6672318604550815, 0.268, 9.0]
[1.5908629314398626, 0.0, 2.4645789466900077, 0.906, 6.0]
[1.5945763190460245, 0.0, 2.5363545876769416, 0.9288, 8.0]
[1.5971623889023787, 0.0, 2.7706648718624471, 0.2648, 14.0]
[1.5920811873763261, 0.0, 2.5210704822487529, 0.2908, 7.0]
[1.5932755900068516, 0.0, 2.5006251861653377, 0.9184, 8.0]
[1.5978823628679679, 0.0, 2.5375791202235787, 0.5884, 10.0]
[1.5900700482647376, 0.0, 2.2522190059031413, 0.7272, 4.0]
[1.5930454585846359, 0.0, 2.5177897286780464, 0.9396, 10.0]
[1.5923813164262577, 0.0, 2.7195512757907978, 0.8088, 11.0]
[1.5930308936227284, 0.0, 2.2455217160188075, 0.5816, 4.0]
[1.5892976446614542, 0.0, 2.4885330320659964, 0.4352, 7.0]
[1.5894085916326459, 0.0, 2.5745413747165422, 0.8044, 9.0]
[1.5829865110970192, 0.0, 2.4474886024603846, 0.6432, 6.0]
[1.5901051824036383, 0.0, 2.385234956355943, 0.2664, 6.0]
[1.5894692418419525, 0.0, 2.5014775451653937, 0.9948, 8.0]
[1.582130849848006, 0.0, 2.6367489111971834, 0.9676, 9.0]
[1.5765558800641433, 0.0, 2.5040667276167756, 0.3556, 8.0]
[1.5901708024887813, 0.0, 2.340651970885629, 0.062, 5.0]
[1.5846224381122003, 0.0, 2.1196106032189608, 0.2156, 3.0]
[1.5885529790815203, 0.0, 2.5089844980106335, 0.6136, 8.0]
[1.5936956423831967, 0.0, 2.7542253158568593, 0.786, 11.0]
[1.5955600462226265, 0.0, 2.5674329401916354, 0.932, 9.0]
[1.5909658689934969, 0.0, 2.7040232205489989, 0.6168, 11.0]
[1.5887050977307657, 0.0, 2.8924054386950839, 0.6616, 17.0]
[1.5935483301614073, 0.0, 2.6222665893542012, 0.7636, 9.0]
[1.5856477378032414, 0.0, 2.4612326937578102, 0.8944, 6.0]
[1.589982081139139, 0.0, 2.7259870122161223, 0.474, 14.0]
[1.5901924790466095, 0.0, 2.3037195418465917, 0.6388, 5.0]
[1.5933251442141341, 0.0, 2.6188983349211847, 0.5924, 11.0]
[1.5878533420331509, 0.0, 2.4295549594079628, 0.62, 7.0]
[1.58185758609187, 0.0, 2.5100385340807647, 0.9904, 6.0]
[1.5936693849433876, 0.0, 2.4086628224860407, 0.5008, 6.0]