[1.5941410969864653, 0.0, 2.6015510926217003, 0.8388, 9.0]
[1.5791250205388079, 0.0, 2.7033565632074117, 0.95, 11.0]
[1.5947861675760764, 0.0, 2.4750940336320784, 0.6652, 7.0]
[1.5991398448954728, 0.0, 2.5893936868220271, 0.914, 9.0]
[1.5881288278449774, 0.0, 2.5919024554780283, 0.478, 8.0]
[1.5935664062736103, 0.0, 2.5150842160766418, 0.9196, 7.0]
[1.5870371334961124, 0.0, 2.6208018682555654, 0.8212, 9.0]
[1.589403961354638, 0.0, 2.6905851493132422, 0.348, 10.0]
[1.5843340011942417, 0.0, 2.6310723062651413, 0.686, 11.0]
[1.5936019974203159, 0.0, 2.6553712695011198, 0.5584, 8.0]
[1.5846863384922529, 0.0, 2.4118287044049858, 0.7168, 6.0]
[1.5919601903131801, 0.0, 2.3578222436508121, 0.1408, 6.0]
[1.5897906480883019, 0.0, 2.4465267741671677, 0.8556, 6.0]
[1.5881149479171492, 0.0, 2.4444086327662329, 0.688, 6.0]
[1.5820991190998359, 0.0, 2.5013431707384743, 0.936, 7.0]
[1.5839132350139411, 0.0, 2.4315669257586907, 0.9176, 6.0]
[1.5942125066004396, 0.0, 2.5872881396635838, 0.8056, 9.0]
[1.5943414364838937, 0.0, 2.4799040406828086, 0.3696, 6.0]
[1.5859871678044741, 0.0, 2.3537660736107724, 0.4964, 5.0]
[1.588121730112102, 0.0, 2.5984519707031963, 0.5004, 7.0]
[1.5821167699889316, 0.0, 2.5317113909132152, 0.4968, 8.0]
[1.5887431527278397, 0.0, 2.3632100635201079, 0.4908, 5.0]
[1.5981321803554609, 0.0, 2.6194273620772286, 0.8684, 12.0]
[1.5826253227369995, 0.0, 2.4571297875343641, 0.422, 6.0]
[1.5797780474259078, 0.0, 2.4258408279475807, 0.8472, 6.0]
[1.5839960789369019, 0.0, 2.5632697677354859, 0.7356, 10.0]
[1.5895295992468721, 0.0, 2.6328898355535126, 0.9648, 9.0]
[1.591829379964631, 0.0, 2.6965796300665166, 0.8332, 14.0]
[1.5999120964637732, 0.0, 2.3905336517843829, 0.6976, 6.0]
[1.5834321227856427, 0.0, 2.5431997303219558, 0.45, 8.0]
[1.6013196653512196, 0.0, 2.3150789631190931, 0.6952, 5.0]
[1.5928061093612, 0.0, 3.0134747134620743, 0.6472, 19.0]
[1.5940679006591032, 0.0, 2.4679655425236526, 0.3132, 7.0]
[1.5910199125742852, 0.0, 2.5818243351584931, 0.8284, 9.0]
[1.5961136526129656, 0.0, 2.4143611360779458, 0.138, 6.0]
[1.595106189414883, 0.0, 2.1108582853809108, 0.0152, 3.0]
[1.5799066322000135, 0.0, 2.6698369963324478, 0.9368, 11.0]
[1.5875398719252214, 0.0, 2.3948865146779141, 0.6952, 6.0]
[1.5967896662173058, 0.0, 2.0860811046606158, 0.0084, 3.0]
[1.5739175405038632, 0.0, 2.524088096309685, 0.3372, 8.0]
[1.5846605914046106, 0.0, 2.6342641323377047, 0.1124, 8.0]
[1.5868969567869224, 0.0, 2.4533654208657518, 0.7864, 6.0]
[1.5896856303729292, 0.0, 2.4479047280491795, 0.5996, 6.0]
[1.5887629780744543, 0.0, 2.385422306119434, 0.6288, 5.0]
[1.5883334527175208, 0.0, 2.5601508340529024, 0.7548, 9.0]
[1.5817863776391552, 0.0, 2.4498898912670444, 0.8004, 7.0]
[1.5850941405875409, 0.0, 2.7517131280024252, 0.582, 11.0]
[1.5961207582819745, 0.0, 2.446045034449325, 0.6172, 8.0]