[1.6627808548259462, 0.0, 2.0362318391748531, 0.1576, 2.0]
[1.6518414160951944, 0.0, 2.2376449327262167, 0.6752, 3.0]
[1.6529905488778864, 0.0, 2.0252497624060051, 0.0404, 2.0]
[1.646116700192537, 0.0, 2.5934752277567297, 0.636, 7.0]
[1.6467294171513915, 0.0, 2.2295811576242981, 0.2824, 3.0]
[1.6583418682315092, 0.0, 2.3755988023495349, 0.8328, 5.0]
[1.6564514651804441, 0.0, 2.6873897438331413, 0.2548, 8.0]
[1.6465005085689661, 0.0, 2.4968230349737093, 0.9128, 5.0]
[1.6561990359953076, 0.0, 2.0265089652309083, 0.2452, 2.0]
[1.6465951075176093, 0.0, 2.6416878969289934, 0.5444, 7.0]
[1.6486622051746391, 0.0, 2.6164819773091876, 0.8756, 7.0]
[1.6553477337098186, 0.0, 2.5107350833757884, 0.6, 7.0]
[1.6482036638539885, 0.0, 2.742378511910359, 0.57, 9.0]
[1.6490020240345968, 0.0, 2.360766560891304, 0.7544, 4.0]
[1.6714483716332471, 0.0, 2.6332474795477587, 0.9168, 8.0]
[1.6460357655102493, 0.0, 2.1995820698996873, 0.2556, 3.0]
[1.6598972788347677, 0.0, 2.5213566717776752, 0.9344, 5.0]
[1.6543601210232224, 0.0, 2.5633250172447335, 0.6584, 6.0]
[1.6584740203913442, 0.0, 2.3969396652938282, 0.2044, 4.0]
[1.6458327790452978, 0.0, 2.222214140142782, 0.1352, 3.0]
[1.6485147075654651, 0.0, 2.4276558202181757, 0.9756, 5.0]
[1.6420664749994067, 0.0, 2.5416951173103985, 0.9416, 5.0]
[1.652801621946167, 0.0, 2.5398798938121478, 0.9908, 5.0]
[1.650162190261784, 0.0, 2.7169825072218794, 0.3908, 9.0]
[1.6425211034966205, 0.0, 2.2417607462502427, 0.4172, 3.0]
[1.6560424907781277, 0.0, 2.5455893503908866, 0.7104, 7.0]
[1.6388330562021103, 0.0, 2.4024360674416396, 0.822, 4.0]
[1.6524770213145481, 0.0, 2.2537342656695651, 0.4848, 3.0]
[1.6503873983038966, 0.0, 2.2345044190004311, 0.6812, 3.0]
[1.6442232706184567, 0.0, 2.5833340020005577, 0.3144, 6.0]
[1.6498184335967949, 0.0, 2.460973352098383, 0.7052, 6.0]
[1.6526075077902131, 0.0, 2.3482270621922039, 0.3608, 4.0]
[1.6449274924584074, 0.0, 2.2251994127744616, 0.772, 3.0]
[1.6541166315267195, 0.0, 2.2205970906677068, 0.7436, 3.0]
[1.6499432326046977, 0.0, 2.4880075291317114, 0.8736, 5.0]
[1.6485246422675521, 0.0, 2.4979041760526819, 0.9304, 5.0]
[1.6473045162662419, 0.0, 2.6836402555313805, 0.938, 8.0]
[1.6352698177099443, 0.0, 2.5710454070017148, 0.5456, 6.0]
[1.649068626202995, 0.0, 2.6431367221539164, 0.7456, 7.0]
[1.6563945958799089, 0.0, 2.4039481879295757, 0.8628, 5.0]
[1.6547377418984308, 0.0, 2.170869512091397, 0.7424, 3.0]
[1.6471883201671398, 0.0, 2.2398269073058876, 0.7644, 3.0]
[1.6576142314258711, 0.0, 2.362030611640046, 0.8176, 4.0]
[1.6614326872452048, 0.0, 2.5989089157344085, 0.7996, 9.0]
[1.660858599271237, 0.0, 2.0315437586149567, 0.0512, 2.0]
[1.6505124170211856, 0.0, 2.3606188397212402, 0.2592, 4.0]
[1.646975593604308, 0.0, 2.4467394874362389, 0.986, 5.0]
[1.6535533856841091, 0.0, 2.309676919671281, 0.6256, 4.0]