[1.5928593175902424, 0.0, 2.46301295894816, 0.7516, 6.0]
[1.5901263821598635, 0.0, 2.4457224558580108, 0.85, 5.0]
[1.591780142346223, 0.0, 2.3999328288141011, 0.7364, 6.0]
[1.592962004397013, 0.0, 2.251323594838897, 0.5688, 4.0]
[1.5835935383149544, 0.0, 2.4947361131475505, 0.4896, 7.0]
[1.5908483646999443, 0.0, 2.5044079485479607, 0.9544, 7.0]
[1.5891556344251043, 0.0, 2.5004209232336088, 0.6588, 7.0]
[1.5815805146562156, 0.0, 2.4701503170474641, 0.2456, 6.0]
[1.5929270771775657, 0.0, 2.5399863828131721, 0.6188, 9.0]
[1.5906731873712765, 0.0, 2.5633236007293743, 0.3356, 9.0]
[1.5780428285946475, 0.0, 2.462825470091905, 0.2376, 6.0]
[1.5969686975656567, 0.0, 2.4724058135283689, 0.152, 7.0]
[1.5957128042762132, 0.0, 2.5922965760868486, 0.9752, 10.0]
[1.5906130029199925, 0.0, 2.5839135284752883, 0.9324, 9.0]
[1.5980594442073643, 0.0, 2.3723483336430675, 0.154, 5.0]
[1.5913218908713462, 0.0, 2.2583124925003419, 0.3128, 4.0]
[1.598478893978712, 0.0, 2.4676428847963976, 0.4752, 6.0]
[1.5864894724559926, 0.0, 2.4678880292960819, 0.9668, 6.0]
[1.5965361573504255, 0.0, 2.1289143090085112, 0.1, 3.0]
[1.5948099142101191, 0.0, 2.440776421075161, 0.8088, 6.0]
[1.5976644420566508, 0.0, 2.5741104317095491, 0.6592, 8.0]
[1.5922746531040239, 0.0, 2.1299726207639313, 0.0172, 3.0]
[1.5862858098848087, 0.0, 2.6218196923040704, 0.818, 12.0]
[1.5988609492694823, 0.0, 2.7178543444058576, 0.7504, 12.0]
[1.5901146949227536, 0.0, 2.7892297257609382, 0.7088, 10.0]
[1.5875724277955663, 0.0, 2.2516160864836205, 0.2248, 4.0]
[1.5981393510689714, 0.0, 2.6942858191035834, 0.9724, 12.0]
[1.5977241040412202, 0.0, 2.6679191728840292, 0.95, 13.0]
[1.592319986009888, 0.0, 2.5419138967522392, 0.908, 8.0]
[1.5883956491123632, 0.0, 2.5705931152742862, 0.908, 7.0]
[1.5867547711448629, 0.0, 2.5019207707959605, 0.6056, 8.0]
[1.5980275492648639, 0.0, 2.2743850458871697, 0.296, 4.0]
[1.5912366270467779, 0.0, 2.2456118074930362, 0.044, 4.0]
[1.5819583464759508, 0.0, 2.2755935422639237, 0.1884, 4.0]
[1.5762945590517592, 0.0, 2.3733632073761974, 0.2624, 5.0]
[1.598564680955862, 0.0, 2.529213206415899, 0.7828, 9.0]
[1.5920694750422077, 0.0, 2.5293913910582049, 0.3508, 9.0]
[1.5818553968964619, 0.0, 2.6566328938847139, 0.8716, 8.0]
[1.5861246023330411, 0.0, 2.7245676994929617, 0.3276, 10.0]
[1.5801034668545593, 0.0, 2.2448764924742202, 0.0248, 4.0]
[1.5843272295250768, 0.0, 2.5305123107690237, 0.7032, 12.0]
[1.5837692478133927, 0.0, 2.800089315150073, 0.4444, 10.0]
[1.5916890679521489, 0.0, 2.2496130496142297, 0.2376, 4.0]
[1.59128884528115, 0.0, 2.5610975102839868, 0.4608, 8.0]
[1.5848255180081057, 0.0, 2.5441712022610963, 0.748, 6.0]
[1.5890263341906139, 0.0, 2.3473673611742338, 0.6868, 5.0]
[1.5991690228054822, 0.0, 2.5014257828822641, 0.7592, 7.0]
[1.5843757647594137, 0.0, 2.471228918161219, 0.9596, 6.0]