[1.5891220216858917, 0.0, 2.6871478483786646, 0.786, 11.0]
[1.581570232172461, 0.0, 2.450301327244671, 0.6504, 6.0]
[1.584907404287611, 0.0, 2.4412658830355056, 0.1564, 6.0]
[1.6005452845400323, 0.0, 2.3971287294958041, 0.896, 6.0]
[1.5899266747803054, 0.0, 2.4123826892402023, 0.8556, 5.0]
[1.5827251784272554, 0.0, 2.9425341740750883, 0.988, 12.0]
[1.5864916115892027, 0.0, 2.5343804204032372, 0.6548, 7.0]
[1.5903242567069378, 0.0, 2.4105871508036296, 0.6692, 5.0]
[1.589198871011773, 0.0, 2.3227762015396323, 0.1416, 5.0]
[1.5879752003257113, 0.0, 2.5909153424686084, 0.4788, 7.0]
[1.5958198486908093, 0.0, 2.9757182748691076, 0.9868, 16.0]
[1.5864188756937816, 0.0, 2.6445858426267677, 0.9888, 8.0]
[1.5910903720237841, 0.0, 2.5969783250779637, 0.4996, 9.0]
[1.5867339118693042, 0.0, 2.5681537934263376, 0.36, 9.0]
[1.5902691166469221, 0.0, 2.226779845523092, 0.2228, 4.0]
[1.5928174778325115, 0.0, 2.4615335237985447, 0.8768, 7.0]
[1.5893857338944974, 0.0, 2.6462392418170926, 0.3412, 11.0]
[1.5914779484748882, 0.0, 2.3998845036965655, 0.2328, 6.0]
[1.6056204838046393, 0.0, 2.6546831768539536, 0.1388, 10.0]
[1.5893120208817275, 0.0, 2.6728580822422794, 0.5812, 9.0]
[1.5951727592134892, 0.0, 2.4288751831469821, 0.6992, 7.0]
[1.5973079198990652, 0.0, 2.2086941195496808, 0.2656, 4.0]
[1.5824653764256982, 0.0, 2.3473303098644247, 0.7576, 5.0]
[1.5906045547890022, 0.0, 2.5115044599843692, 0.9936, 7.0]
[1.5965408012927185, 0.0, 2.2829390412375492, 0.414, 5.0]
[1.5933099121950676, 0.0, 2.3034798757795096, 0.7192, 4.0]
[1.5954718422278145, 0.0, 2.4958197263766344, 0.6292, 8.0]
[1.5920074660495205, 0.0, 2.2356854194603413, 0.0372, 4.0]
[1.5928261530323033, 0.0, 3.3483788643230734, 0.7, 29.0]
[1.585385757626447, 0.0, 2.5362549748436303, 0.4056, 8.0]
[1.5882912568330589, 0.0, 2.572628502454509, 0.7716, 9.0]
[1.586811721482126, 0.0, 2.9929252786812306, 0.3728, 15.0]
[1.5891548136612523, 0.0, 2.6449731864525985, 0.8624, 9.0]
[1.5918762602342063, 0.0, 2.6343610516822675, 0.9452, 10.0]
[1.5814025699390912, 0.0, 2.6605880968373814, 0.962, 9.0]
[1.589594523651267, 0.0, 2.3712363151027942, 0.9584, 5.0]
[1.5840852140199249, 0.0, 2.3820617826725581, 0.606, 5.0]
[1.58647086009847, 0.0, 2.7670865793826129, 0.6564, 13.0]
[1.5884478187360371, 0.0, 2.6559999030768977, 0.6524, 10.0]
[1.5885049010418042, 0.0, 2.391466887326489, 0.2764, 5.0]
[1.5912906818897925, 0.0, 2.48000800100015, 0.7796, 6.0]
[1.5793426547108294, 0.0, 2.4256874665580108, 0.012, 6.0]
[1.5843406887556268, 0.0, 2.0912040412052901, 0.0028, 3.0]
[1.5896001134056221, 0.0, 2.5528858073608545, 0.7228, 8.0]
[1.5880155773987585, 0.0, 2.6038838902576078, 0.974, 9.0]
[1.5863277413425663, 0.0, 2.4219565449292491, 0.37, 6.0]
[1.5813833831364363, 0.0, 2.6072444775554322, 0.5908, 8.0]
[1.5886690723559911, 0.0, 2.8150274760625553, 0.5952, 14.0]