[1.5870539603210658, 0.0, 2.6155584413913093, 0.8668, 8.0]
[1.5899167265898451, 0.0, 2.5490347943413791, 0.446, 8.0]
[1.5815652520599714, 0.0, 2.4401572479906717, 0.9532, 6.0]
[1.5872097881458744, 0.0, 2.2592825388380291, 0.472, 4.0]
[1.5809939337545891, 0.0, 2.3808893765280104, 0.3616, 5.0]
[1.5918713307803616, 0.0, 2.4697840810912939, 0.9916, 7.0]
[1.5903211171396525, 0.0, 2.7998989310672888, 0.9688, 12.0]
[1.5982558800533617, 0.0, 2.4032337719805046, 0.4036, 6.0]
[1.5918340157908903, 0.0, 2.4967369705995068, 0.6352, 8.0]
[1.5861580794032577, 0.0, 2.5638782687261772, 0.6512, 8.0]
[1.5885645052561319, 0.0, 2.8454273013824953, 0.8512, 15.0]
[1.5874313948045056, 0.0, 2.6149449585472899, 0.5104, 9.0]
[1.5854992568151085, 0.0, 2.8069433248240721, 0.7172, 13.0]
[1.5892796735664738, 0.0, 2.463969621161159, 0.9548, 7.0]
[1.595712348129704, 0.0, 2.5456511338706855, 0.84, 10.0]
[1.5791876093566803, 0.0, 2.4802170231072598, 0.7612, 6.0]
[1.5873319742741971, 0.0, 2.6197083018309995, 0.8952, 10.0]
[1.5871467238738188, 0.0, 2.3111813782909847, 0.8172, 5.0]
[1.5993917952245547, 0.0, 2.2225535615462744, 0.162, 4.0]
[1.5944765752283787, 0.0, 2.7121802173333336, 0.8536, 10.0]
[1.5888791814016727, 0.0, 2.5207054918001739, 0.8392, 8.0]
[1.6019547779594565, 0.0, 2.3659013794373909, 0.7696, 5.0]
[1.5934913169500926, 0.0, 2.1099508212729159, 0.022, 3.0]
[1.5960053807820502, 0.0, 2.6172459471109164, 0.5564, 13.0]
[1.598261278989815, 0.0, 2.5956700527964034, 0.6644, 8.0]
[1.5888664207100685, 0.0, 2.5986351303463628, 0.986, 9.0]
[1.5782582767951159, 0.0, 2.4000033429882404, 0.4532, 6.0]
[1.5922607004891893, 0.0, 2.4553023826129206, 0.8716, 7.0]
[1.5845822291114335, 0.0, 2.3372788467980032, 0.1472, 5.0]
[1.58092594321917, 0.0, 2.5294298904387755, 0.8856, 9.0]
[1.5747918488692303, 0.0, 2.6673667009214652, 0.3128, 10.0]
[1.5867595711446274, 0.0, 2.4009151096159962, 0.5764, 6.0]
[1.5847666302002754, 0.0, 2.8318821614883669, 0.9172, 13.0]
[1.5819127468812237, 0.0, 2.7165655199649712, 0.7444, 14.0]
[1.5952790978389211, 0.0, 2.6570454788486288, 0.798, 10.0]
[1.5901397757004641, 0.0, 2.5794481847113344, 0.9284, 9.0]
[1.5979973462758839, 0.0, 2.3237453035235536, 0.1384, 5.0]
[1.5911741318004011, 0.0, 2.5157240107281282, 0.7704, 8.0]
[1.5982475079353815, 0.0, 2.0996281213350434, 0.0096, 3.0]
[1.5975919375261651, 0.0, 2.3289291311073272, 0.1608, 5.0]
[1.5743721382505673, 0.0, 2.512909823096229, 0.8544, 8.0]
[1.5900533411759068, 0.0, 2.540525011066582, 0.468, 6.0]
[1.6028791854853153, 0.0, 2.6900785025227334, 0.8832, 12.0]
[1.5968000503660442, 0.0, 2.202111376810679, 0.1428, 4.0]
[1.5932253106869716, 0.0, 2.4017356188461969, 0.838, 6.0]
[1.6020990747889996, 0.0, 2.5108695596898567, 0.3564, 8.0]
[1.582728162122587, 0.0, 2.5164696983449866, 0.7956, 7.0]
[1.5959101528407169, 0.0, 2.6702454749411939, 0.694, 14.0]