[1.5947108005656152, 0.0, 2.3594208250607487, 0.2936, 6.0]
[1.5831672125389749, 0.0, 2.7043779656998588, 0.7264, 14.0]
[1.5972627795689776, 0.0, 2.5415641445857946, 0.386, 8.0]
[1.580060868874122, 0.0, 2.3521927563220588, 0.7724, 5.0]
[1.5810028890069185, 0.0, 2.6122646795183431, 0.8976, 9.0]
[1.5945510411965449, 0.0, 2.4587934669140079, 0.124, 7.0]
[1.5850942646288497, 0.0, 2.4781079866319757, 0.7344, 8.0]
[1.5925188282095317, 0.0, 2.4846096253740653, 0.9208, 8.0]
[1.5822906270155772, 0.0, 2.4862826833438811, 0.876, 7.0]
[1.5882605238299972, 0.0, 2.6542019893695068, 0.964, 11.0]
[1.5970128047822381, 0.0, 2.4664020256896579, 0.6528, 7.0]
[1.5883573432083478, 0.0, 2.4736390071041834, 0.7916, 6.0]
[1.5798120035876948, 0.0, 2.518747447672772, 0.6092, 7.0]
[1.5876074233768933, 0.0, 2.141630350963637, 0.2168, 3.0]
[1.5899927263401601, 0.0, 2.438788973495174, 0.9068, 6.0]
[1.5859006644207261, 0.0, 2.4414535918274067, 0.848, 6.0]
[1.586944667350402, 0.0, 2.5451611344725524, 0.5208, 7.0]
[1.5861780416966051, 0.0, 2.7355930885142064, 0.4456, 9.0]
[1.5958167704895447, 0.0, 2.5804116709205238, 0.9928, 8.0]
[1.5866576734425148, 0.0, 2.3942835144413634, 0.3124, 6.0]
[1.60203322485805, 0.0, 2.4705313249830354, 0.63, 8.0]
[1.5922843963371163, 0.0, 2.6923638894039268, 0.8904, 16.0]
[1.6016998631972441, 0.0, 2.5191996619389503, 0.9676, 8.0]
[1.5865782946643445, 0.0, 2.6390503803011809, 0.7228, 9.0]
[1.5860254232906672, 0.0, 2.5759188335820271, 0.6748, 9.0]
[1.5925178079319702, 0.0, 2.6537825558226427, 0.7428, 10.0]
[1.5855137484156017, 0.0, 2.2252494749149925, 0.064, 4.0]
[1.5930622974656914, 0.0, 2.359283942462822, 0.2096, 6.0]
[1.589556472488042, 0.0, 2.6782727222788085, 0.896, 10.0]
[1.5876389118103442, 0.0, 2.3991322992615025, 0.1228, 6.0]
[1.5905400201517725, 0.0, 2.4228458948071294, 0.6776, 6.0]
[1.5906423789832473, 0.0, 2.5503872963280538, 0.9808, 8.0]
[1.5886142653919402, 0.0, 2.4000190072088543, 0.6216, 6.0]
[1.5998446521205079, 0.0, 2.6327133572683481, 0.8884, 10.0]
[1.583201194721954, 0.0, 2.762658533257623, 0.5292, 18.0]
[1.6024959028809913, 0.0, 2.2573307945992878, 0.1768, 4.0]
[1.5905226244665067, 0.0, 2.5931947367659482, 0.9116, 10.0]
[1.582644905060381, 0.0, 2.4734281942123166, 0.3152, 6.0]
[1.5830162155270007, 0.0, 2.237853204219646, 0.0812, 4.0]
[1.5891221681893843, 0.0, 2.5226500980836755, 0.154, 7.0]
[1.6009676848486383, 0.0, 2.3414428083477676, 0.568, 5.0]
[1.5952711709913339, 0.0, 2.288281030671349, 0.124, 5.0]
[1.5824899390645872, 0.0, 2.3640542331363381, 0.3288, 5.0]
[1.5936280310061288, 0.0, 2.3514479526092718, 0.1156, 5.0]
[1.5895444389950124, 0.0, 2.5351101339791922, 0.3952, 7.0]
[1.5834417921988448, 0.0, 2.4183144573079529, 0.7904, 6.0]
[1.5880318412821186, 0.0, 2.4457632953935793, 0.756, 6.0]
[1.5783290676773385, 0.0, 2.393602284633884, 0.844, 5.0]