[1.5845433524427257, 0.0, 2.5321256710301738, 0.8712, 8.0]
[1.5830723644031286, 0.0, 2.4362659393458523, 0.3068, 6.0]
[1.5874188210168865, 0.0, 2.2609250565077437, 0.3508, 4.0]
[1.5891613528484245, 0.0, 2.2478615418268988, 0.022, 4.0]
[1.5992113999231301, 0.0, 2.8798779095842866, 0.752, 19.0]
[1.5955979064985248, 0.0, 2.3230855025922033, 0.2092, 5.0]
[1.5964740601775851, 0.0, 2.2994127601010135, 0.6356, 5.0]
[1.5880785533753328, 0.0, 2.8974085973297345, 0.634, 13.0]
[1.5830893284107979, 0.0, 2.1154969383384654, 0.0504, 3.0]
[1.5899867629143549, 0.0, 2.5436275889864115, 0.8164, 8.0]
[1.5826084930343591, 0.0, 2.2671767918049741, 0.0272, 4.0]
[1.5919124275286531, 0.0, 2.2516646620540439, 0.0484, 4.0]
[1.5861253460567122, 0.0, 2.5339074258028886, 0.324, 8.0]
[1.584932653607011, 0.0, 2.558610248935917, 0.5212, 9.0]
[1.585018229931668, 0.0, 2.4534961062860821, 0.2724, 6.0]
[1.5850031502597477, 0.0, 2.5882706745253756, 0.5108, 8.0]
[1.5870758593556644, 0.0, 2.6820155148004918, 0.9652, 10.0]
[1.6026656297706385, 0.0, 2.3373838992104128, 0.9636, 5.0]
[1.586283284957148, 0.0, 2.59478008986106, 0.2492, 10.0]
[1.5857556412074221, 0.0, 2.2541138337548743, 0.7448, 4.0]
[1.5938960389431533, 0.0, 2.1237747070702202, 0.2524, 3.0]
[1.598565853332033, 0.0, 2.4205240236988792, 0.1756, 6.0]
[1.5824637041683709, 0.0, 2.3696981362675524, 0.2752, 5.0]
[1.589081758833331, 0.0, 2.5420922771814092, 0.334, 9.0]
[1.5868927535036024, 0.0, 2.3603542826367345, 0.1796, 5.0]
[1.5964183940191532, 0.0, 2.4442429220143129, 0.7928, 6.0]
[1.5892356379472985, 0.0, 2.2056935998130678, 0.0728, 4.0]
[1.595227130655863, 0.0, 2.5502493362004688, 0.8988, 8.0]
[1.59896183425926, 0.0, 2.4946545072103818, 0.832, 7.0]
[1.5855644231395187, 0.0, 2.7624753926838004, 0.8952, 12.0]
[1.5939278454558401, 0.0, 2.4983386685482145, 0.5476, 8.0]
[1.5927198624020087, 0.0, 2.6215776437148417, 0.9196, 9.0]
[1.5892296639273356, 0.0, 2.6196820511708703, 0.4452, 9.0]
[1.5995654833249158, 0.0, 2.572554770726164, 0.7452, 9.0]
[1.5903266675249008, 0.0, 2.3568987759942388, 0.3932, 5.0]
[1.6017727430525612, 0.0, 2.4876154360497482, 0.6396, 7.0]
[1.5973237948001291, 0.0, 2.7974083240038574, 0.942, 13.0]
[1.5939711939574124, 0.0, 2.4875021173440306, 0.5252, 8.0]
[1.5874847958974265, 0.0, 2.2369978580672729, 0.1564, 4.0]
[1.5772041394941558, 0.0, 2.8253088063235303, 0.5732, 15.0]
[1.5828478378224524, 0.0, 2.4281021629677797, 0.7424, 6.0]
[1.5864121246799956, 0.0, 2.4936742246886752, 0.9376, 7.0]
[1.5878960453276543, 0.0, 2.374141507916558, 0.0672, 5.0]
[1.5886208232174122, 0.0, 2.4539132325960873, 0.2132, 7.0]
[1.5885206258654168, 0.0, 2.5378856348020489, 0.9292, 7.0]
[1.5981431011952452, 0.0, 2.5333866362234718, 0.3112, 8.0]
[1.5953113128056209, 0.0, 2.3148004085051421, 0.1508, 5.0]
[1.5784713827705485, 0.0, 2.4141028627155681, 0.3848, 6.0]