[1.5902352279123906, 0.0, 2.5987011672444869, 0.8096, 10.0]
[1.5783676698871583, 0.0, 2.7283833552656871, 0.5324, 12.0]
[1.5839590352028834, 0.0, 2.3376267753740434, 0.6636, 5.0]
[1.5820611732263732, 0.0, 2.4395441635376387, 0.5288, 6.0]
[1.5980760977690545, 0.0, 2.6167136118173051, 0.6216, 7.0]
[1.5869367769033405, 0.0, 2.4789022767768785, 0.6916, 7.0]
[1.5886795150726081, 0.0, 2.6592598900204374, 0.6416, 9.0]
[1.5949230750134724, 0.0, 2.4832694838915135, 0.3864, 7.0]
[1.5921950042593098, 0.0, 2.5339680401490146, 0.0764, 8.0]
[1.5887443707483808, 0.0, 2.5446602496939117, 0.7532, 8.0]
[1.5887687282256335, 0.0, 2.4814728979385596, 0.9924, 7.0]
[1.5751173786795114, 0.0, 3.0680309848543024, 0.7096, 23.0]
[1.5817470895561221, 0.0, 2.6557967893795413, 0.6412, 10.0]
[1.5903914398854193, 0.0, 2.5247255783161009, 0.5052, 7.0]
[1.5960342097827991, 0.0, 2.4486108202654115, 0.4548, 6.0]
[1.5877523996656975, 0.0, 2.6147578826021891, 0.65, 10.0]
[1.6012823408909185, 0.0, 2.4882326532358041, 0.954, 8.0]
[1.5934349758649238, 0.0, 2.4894559921230233, 0.2884, 8.0]
[1.5911465698925791, 0.0, 2.7037052200404941, 0.8516, 12.0]
[1.5939815033934546, 0.0, 2.1196984354301427, 0.108, 3.0]
[1.5854232198702063, 0.0, 2.4789299928289452, 0.9712, 8.0]
[1.5946133187187523, 0.0, 2.5129502221283841, 0.8936, 8.0]
[1.5817523113855154, 0.0, 2.4688552587581571, 0.6768, 7.0]
[1.5867635914636948, 0.0, 2.5081029788540441, 0.3552, 7.0]
[1.5935520993077668, 0.0, 2.2323763141072579, 0.0208, 4.0]
[1.5883579469733444, 0.0, 2.3997873297602821, 0.4628, 5.0]
[1.5795701493964187, 0.0, 2.5988177087630144, 0.7164, 9.0]
[1.5887894440850538, 0.0, 2.5686017092199269, 0.7876, 8.0]
[1.5860834658173484, 0.0, 2.3757701359013281, 0.9628, 5.0]
[1.5809569319464036, 0.0, 2.6306262908216618, 0.748, 8.0]
[1.6010863598410947, 0.0, 2.8210395569832558, 0.7648, 13.0]
[1.5910856267677729, 0.0, 2.1101534153289103, 0.0044, 3.0]
[1.577768239350076, 0.0, 2.4577032849361684, 0.3412, 6.0]
[1.588272451275432, 0.0, 2.2518170139809799, 0.1752, 4.0]
[1.5966050915372876, 0.0, 2.5188601726973294, 0.7752, 7.0]
[1.5788895985375535, 0.0, 2.595850875769508, 0.922, 9.0]
[1.603853710547734, 0.0, 2.6066332393932652, 0.9516, 8.0]
[1.5941688446432598, 0.0, 2.4531935073026658, 0.6912, 10.0]
[1.5834499935415285, 0.0, 2.3806592323608173, 0.4884, 5.0]
[1.5887525341791526, 0.0, 2.2767715665894093, 0.2104, 4.0]
[1.5965541102112581, 0.0, 2.4173975408194455, 0.382, 6.0]
[1.5920221552653921, 0.0, 2.6029570766602284, 0.9636, 8.0]
[1.5854932459261557, 0.0, 2.4624558127576091, 0.5492, 7.0]
[1.5924903328021391, 0.0, 2.3717384803917243, 0.6124, 5.0]
[1.5972995587626089, 0.0, 2.3727840914374823, 0.6288, 5.0]
[1.5943182053852789, 0.0, 2.5980066117533447, 0.6644, 8.0]
[1.5939668179426469, 0.0, 2.4420066877435627, 0.578, 7.0]
[1.5936562700970667, 0.0, 2.3595616244643054, 0.7664, 5.0]