[1.6416872521345136, 0.0, 2.430518866963884, 0.7696, 5.0]
[1.6551316840491674, 0.0, 2.5940960003463838, 0.6136, 6.0]
[1.6523708238539174, 0.0, 2.4474841143651944, 0.9588, 5.0]
[1.6528642597708201, 0.0, 2.4369974286919036, 0.2516, 5.0]
[1.6561157186946607, 0.0, 2.3488077335923272, 0.548, 4.0]
[1.6600363687035806, 0.0, 2.2662244758381203, 0.8456, 3.0]
[1.6501904294805891, 0.0, 2.6386132286523596, 0.6348, 8.0]
[1.6602927857881136, 0.0, 2.4535373585447244, 0.5124, 5.0]
[1.6665162912972535, 0.0, 2.830595202955144, 0.7844, 10.0]
[1.6480891572107255, 0.0, 2.5890706341350014, 0.6684, 7.0]
[1.6707144109180689, 0.0, 2.6183848960363285, 0.9884, 7.0]
[1.6694032902327862, 0.0, 2.4951750035462492, 0.9948, 5.0]
[1.6564552344557533, 0.0, 2.5586308357594785, 0.9624, 6.0]
[1.6558350139788893, 0.0, 2.0375678934019557, 0.1784, 2.0]
[1.6553651113328625, 0.0, 2.3973971370669478, 0.7848, 4.0]
[1.6573075956672394, 0.0, 2.441834160005941, 0.6136, 4.0]
[1.6540961913823158, 0.0, 2.3787880169670523, 0.718, 4.0]
[1.6663073262993597, 0.0, 2.0268024718745865, 0.4144, 2.0]
[1.6432850365240415, 0.0, 2.4537314567935447, 0.5056, 4.0]
[1.6552413921211047, 0.0, 2.5732305528073707, 0.3292, 5.0]
[1.6572914228977769, 0.0, 2.4938721256965612, 0.5116, 5.0]
[1.663101160006784, 0.0, 2.6588297494101418, 0.6404, 8.0]
[1.6556299568656732, 0.0, 2.2157382755939752, 0.31, 3.0]
[1.6550863879646207, 0.0, 2.235394375932239, 0.5708, 3.0]
[1.6448298849920251, 0.0, 2.3788699269312064, 0.7076, 5.0]
[1.6565124316323037, 0.0, 2.4758183047928992, 0.7328, 5.0]
[1.6458317175466415, 0.0, 2.6229594383975758, 0.7184, 8.0]
[1.6514922124405933, 0.0, 2.2043808985730076, 0.1568, 3.0]
[1.6560879242264819, 0.0, 2.6192933360071828, 0.3464, 8.0]
[1.6544990338119896, 0.0, 2.5034119772556096, 0.5412, 6.0]
[1.6558958398344963, 0.0, 2.2377642267196141, 0.3564, 3.0]
[1.6597475191653732, 0.0, 2.465644151447822, 0.8376, 5.0]
[1.661323840236006, 0.0, 2.1776016328624537, 0.0684, 3.0]
[1.6477725728124857, 0.0, 2.6972168596836026, 0.9444, 10.0]
[1.6612107927464244, 0.0, 2.4646959730670046, 0.9808, 6.0]
[1.6629124500767045, 0.0, 2.8342649530974926, 0.5604, 8.0]
[1.6585291946093657, 0.0, 2.5511883562655777, 0.9824, 6.0]
[1.6559907753776208, 0.0, 2.4714688567723044, 0.9976, 5.0]
[1.6595544963907698, 0.0, 2.5113603687168755, 0.2716, 6.0]
[1.6481270484927955, 0.0, 2.6182260701766826, 0.3052, 8.0]
[1.6336153248916088, 0.0, 2.5988771061667104, 0.6984, 7.0]
[1.6567925531252876, 0.0, 2.4526593198666315, 0.6352, 5.0]
[1.6602795472169496, 0.0, 2.537135527746794, 0.89, 6.0]
[1.6549359361727729, 0.0, 2.3685609251323614, 0.1696, 4.0]
[1.6453697131678133, 0.0, 2.543407036250267, 0.316, 7.0]
[1.656356727409076, 0.0, 2.3226559657045915, 0.4828, 4.0]
[1.6544371126930186, 0.0, 2.3011339475904369, 0.9564, 3.0]
[1.6418633325155589, 0.0, 2.309074872208182, 0.0128, 4.0]