[1.6605936514076223, 0.0, 2.229974071113618, 0.8488, 3.0]
[1.6476260515181309, 0.0, 2.8626447345547041, 0.274, 10.0]
[1.6486190511615968, 0.0, 2.7425392091484766, 0.922, 7.0]
[1.6477991141514279, 0.0, 2.5657908455375384, 0.5956, 5.0]
[1.6479543333759161, 0.0, 2.2217825443752064, 0.0924, 3.0]
[1.6458660537687142, 0.0, 2.7945322844795739, 0.56, 13.0]
[1.6399578919486482, 0.0, 2.3996198906894914, 0.7424, 4.0]
[1.6541472728074822, 0.0, 2.4085851686643975, 0.5016, 4.0]
[1.6428797366119552, 0.0, 2.5189010042917803, 0.882, 5.0]
[1.6644586669521921, 0.0, 2.5238771553757982, 0.9472, 5.0]
[1.6580925731947755, 0.0, 2.4625348518519332, 0.9852, 6.0]
[1.6420119861078737, 0.0, 2.4366408451529749, 0.91, 5.0]
[1.6609261476184338, 0.0, 2.0196962097283562, 0.0664, 2.0]
[1.6497164784173615, 0.0, 2.6225223204374011, 0.9268, 7.0]
[1.6543787369408482, 0.0, 2.4961672481960262, 0.6628, 6.0]
[1.6496863247935314, 0.0, 2.5966035082541321, 0.7236, 6.0]
[1.6512828562836532, 0.0, 2.3944522560983046, 0.9792, 4.0]
[1.6484804131196089, 0.0, 2.6791710136205826, 0.9328, 9.0]
[1.6541888796512811, 0.0, 2.5058772146557415, 0.5088, 5.0]
[1.6377955382730702, 0.0, 2.243070720130544, 0.6768, 3.0]
[1.6441067699193375, 0.0, 2.5316838932561305, 0.4388, 6.0]
[1.6568521723051814, 0.0, 2.3785286107677637, 0.0904, 4.0]
[1.6667149910257333, 0.0, 2.4469973761886759, 0.8364, 6.0]
[1.6537284809521304, 0.0, 2.4499498050246666, 0.5236, 5.0]
[1.656712202873831, 0.0, 2.2257248442451694, 0.8336, 3.0]
[1.6530291550641947, 0.0, 2.4279861254297286, 0.3316, 5.0]
[1.6377915312809188, 0.0, 2.4243402042470024, 0.9956, 5.0]
[1.6404300340152687, 0.0, 2.4541421720812098, 0.964, 5.0]
[1.6480102373999164, 0.0, 2.4024175626473174, 0.9336, 4.0]
[1.6590524181097597, 0.0, 2.384832061289976, 0.7264, 4.0]
[1.6690957708956686, 0.0, 2.4260723513725804, 0.9996, 4.0]
[1.6572192395446028, 0.0, 2.6726151208630666, 0.4936, 8.0]
[1.6536948128048023, 0.0, 2.6521438883032733, 0.818, 6.0]
[1.6672468297333438, 0.0, 2.2272315115320436, 0.5816, 3.0]
[1.6562990922914813, 0.0, 2.2667218724962197, 0.5812, 3.0]
[1.6537115596092691, 0.0, 2.3252846882220775, 0.5528, 4.0]
[1.6530298059359276, 0.0, 2.1935232163395222, 0.3052, 3.0]
[1.6660659827625288, 0.0, 2.6171597172516172, 0.9096, 7.0]
[1.6555888972406039, 0.0, 2.3842568171091578, 0.1568, 4.0]
[1.6485107271660415, 0.0, 2.2176066176318741, 0.2488, 3.0]
[1.6507978614502272, 0.0, 2.4309249550101981, 0.6148, 5.0]
[1.6569584373300446, 0.0, 2.5568956302743322, 0.6348, 7.0]
[1.6521524523289068, 0.0, 2.5901583765967442, 0.5864, 6.0]
[1.6563302806946294, 0.0, 2.2191300480194531, 0.8684, 3.0]
[1.6520928173509024, 0.0, 2.3587673801968903, 0.4728, 4.0]
[1.6503953771835842, 0.0, 2.6209739630686792, 0.4776, 7.0]
[1.6530440241904809, 0.0, 2.5151564781218729, 0.8872, 5.0]
[1.6458539610800011, 0.0, 2.4895399152776276, 0.9388, 6.0]